2 54 70 19 30 70 58 4 40 45 43 64 57 70 77 70 97 72 7 93 74 73 43 31 13 83 61 39 75 68 23 37 13 45 51 67 73 93 94 28 96 78 51 55 57 74 40 8 38 29 90 3 89 25 67 39 82 39 49 42 95 74 77 47 50 19 99 62 49 81 93 81 48 59 92 1 97 26 29 36 34 2 76 31 99 72 4 40 76 70 48 53 16 26 7 16 74 47 99 75 39 87 60 57 83 40 85 47 40 65 5 32 36 66 22 78 59 18 92 90 73 76 32 26 66 69 68 76 
47 86 51 35 89 73 98 35 93 22 9 38 1 78 74 63 79 54 12 43 46 25 81 29 48 37 41 75 34 42 59 89 92 83 63 53 63 64 65 39 8 81 70 57 25 18 95 6 77 32 89 81 54 95 89 7 56 84 8 73 71 16 90 70 65 36 77 52 52 23 71 31 8 92 50 50 45 43 27 32 32 13 6 88 9 7 10 29 39 17 94 6 59 51 66 90 96 9 79 77 41 96 83 92 26 52 34 81 89 90 76 76 49 8 5 73 16 17 25 79 28 12 6 73 66 81 5 26 
7 76 49 70 34 25 71 42 68 1 26 58 79 48 61 3 16 98 35 84 14 90 28 80 30 35 11 19 39 89 51 55 27 77 90 42 12 63 33 23 47 96 16 98 15 83 51 74 48 88 48 61 82 79 18 74 29 21 22 13 37 23 18 50 27 15 2 67 68 50 46 36 39 67 50 86 25 22 93 87 7 93 27 25 22 77 47 10 42 1 65 16 59 34 15 49 72 20 8 83 48 31 10 8 46 4 3 58 12 55 24 49 1 72 47 92 71 26 55 11 71 21 92 48 54 99 84 69 
89 90 69 95 84 28 20 37 28 91 21 58 56 81 74 0 93 68 14 4 54 52 8 27 39 17 67 45 98 77 19 76 16 58 26 48 1 81 63 60 70 33 10 37 80 94 53 46 31 92 2 73 3 52 56 62 16 6 11 88 22 68 44 14 29 80 12 20 65 46 21 15 0 90 10 9 92 56 24 43 74 27 75 56 3 38 25 6 63 84 23 82 12 63 14 32 66 6 56 42 28 13 64 6 54 71 92 57 73 36 61 46 88 83 97 0 68 40 34 61 28 84 57 86 42 12 35 17 
13 83 71 84 36 27 79 0 71 28 87 55 90 43 42 79 32 99 25 51 42 68 1 97 32 18 19 50 76 25 49 17 83 1 21 71 5 5 43 93 34 64 8 4 0 59 2 17 0 4 4 82 91 90 92 19 2 96 70 29 53 33 38 32 43 3 97 33 8 84 75 93 82 61 52 96 1 43 35 72 28 98 12 1 98 95 56 11 53 52 99 84 2 88 90 86 30 98 51 71 62 14 7 31 47 48 41 16 43 42 80 43 5 82 75 56 85 6 68 11 89 98 46 88 93 17 87 84 
61 31 53 98 7 3 47 43 92 52 14 31 71 61 79 62 28 8 79 43 35 49 57 34 44 17 68 20 99 77 5 4 3 38 14 74 45 98 6 31 0 22 30 93 39 28 26 50 40 50 8 88 87 71 45 35 51 13 90 36 3 41 33 40 22 47 82 38 39 21 75 98 68 13 63 6 16 19 23 15 84 26 96 5 2 54 65 83 15 79 86 49 90 21 54 91 35 0 81 86 0 51 8 19 84 77 37 61 68 56 20 87 74 46 40 84 94 28 94 58 50 3 31 1 47 43 3 5 
39 8 36 42 32 74 18 11 34 19 74 28 98 43 33 66 7 59 35 6 94 97 41 34 32 96 36 64 64 66 50 6 30 41 55 32 43 45 21 47 93 6 73 82 65 14 61 30 22 46 46 72 32 57 74 76 95 13 83 39 41 28 74 47 88 76 9 39 57 21 92 39 70 25 14 30 65 53 42 11 51 78 33 95 91 47 22 37 70 11 84 51 75 26 89 91 44 11 77 22 8 40 5 57 26 34 18 62 46 6 10 61 85 20 17 93 71 80 3 81 18 8 21 82 93 73 86 73 
77 76 85 4 78 27 32 71 92 30 4 43 90 83 59 54 4 38 61 88 26 46 95 99 36 0 96 54 56 35 77 91 22 38 69 67 50 60 79 83 94 6 91 25 38 52 56 76 13 83 18 26 6 5 88 56 57 77 48 60 90 88 27 62 74 50 61 12 40 98 35 88 14 31 84 94 15 2 34 25 21 97 97 38 95 10 89 14 20 81 99 2 41 12 44 15 31 83 91 60 20 58 28 20 21 58 50 50 18 12 77 41 65 83 41 81 50 31 48 8 8 51 27 78 51 35 53 42 
37 53 45 39 50 97 82 8 66 80 73 26 63 7 54 0 73 39 24 88 26 64 30 50 33 71 95 96 22 21 76 40 25 51 96 47 31 93 50 42 54 54 87 0 5 36 25 94 36 43 92 90 57 87 89 89 71 33 0 21 17 70 31 70 3 8 44 23 95 72 64 81 80 18 21 10 25 6 47 11 71 12 70 91 79 44 56 13 32 43 56 56 4 56 64 97 5 20 3 66 65 16 17 21 90 78 53 36 47 50 44 86 90 24 8 69 13 74 92 26 69 64 51 60 62 90 39 92 
65 98 47 50 65 93 63 27 1 73 69 86 70 50 5 2 25 39 14 7 23 10 93 32 50 10 30 45 26 40 3 92 12 49 97 20 92 23 52 82 7 82 53 25 71 97 38 2 89 53 71 82 5 66 63 67 70 31 97 30 56 59 80 87 19 46 9 61 4 15 5 96 40 12 60 62 99 84 80 59 79 27 66 53 22 71 47 72 35 17 86 81 13 30 34 3 89 52 73 49 11 40 24 45 58 30 65 53 36 40 9 21 24 8 94 22 45 32 45 39 84 24 66 76 10 13 68 39 
81 43 90 94 80 41 89 75 68 27 55 4 22 56 74 40 11 5 89 82 34 36 39 30 91 49 31 50 21 9 54 21 29 63 16 26 59 72 18 15 95 58 37 18 78 84 78 6 39 51 55 94 25 54 19 32 97 22 1 98 65 36 1 90 47 38 30 99 69 27 64 4 43 38 80 70 10 96 81 25 49 48 63 50 22 21 20 81 67 89 64 86 58 61 26 16 94 73 92 62 47 61 11 82 93 95 20 9 89 1 18 17 70 93 42 25 4 52 17 98 39 36 32 99 73 13 80 25 
98 9 89 71 63 91 27 10 38 97 82 41 20 9 18 8 7 44 82 3 54 90 38 94 78 64 93 66 33 57 26 16 38 65 54 13 73 12 33 5 25 28 5 21 83 99 56 44 77 6 71 6 84 84 36 73 86 4 32 18 6 4 67 52 2 98 20 87 45 77 31 67 3 11 91 80 1 96 37 77 91 82 24 40 72 72 53 80 90 89 60 68 40 38 30 20 56 38 88 45 12 68 49 28 59 83 34 43 32 84 74 21 42 17 79 13 14 4 0 27 95 24 83 49 7 94 94 79 
5 62 98 63 17 95 16 53 79 11 23 87 60 49 15 40 42 13 60 0 37 19 52 93 68 45 75 6 92 21 26 80 3 39 84 0 96 1 93 70 78 69 21 51 88 99 21 43 76 18 37 60 81 88 29 99 59 73 54 82 87 93 16 92 67 55 18 9 64 84 24 81 24 9 3 11 24 37 40 64 28 48 3 52 72 71 72 47 27 45 34 71 31 42 16 6 26 30 33 78 52 20 93 67 89 97 95 0 37 79 26 21 98 53 48 97 76 35 5 92 42 18 88 27 1 24 77 89 
4 32 17 18 9 95 77 46 58 47 83 63 73 60 38 64 88 5 16 33 10 3 64 90 95 75 93 16 67 71 35 0 69 61 15 48 92 4 45 71 78 65 44 73 46 69 1 24 59 83 37 17 23 14 14 19 78 77 7 89 65 84 25 22 33 3 72 7 60 43 35 68 77 35 81 87 98 78 24 79 68 61 19 58 67 8 18 2 67 60 95 31 3 22 49 60 61 59 66 66 46 82 29 99 79 20 54 2 77 19 52 23 90 28 68 26 21 48 13 37 81 16 41 58 54 2 88 36 
93 39 70 11 86 92 30 96 39 97 37 49 32 65 97 95 31 44 15 70 56 38 61 88 54 82 31 95 45 21 93 64 21 2 60 61 23 64 76 18 63 3 51 43 83 57 96 28 39 46 58 92 86 20 55 25 37 17 83 14 49 94 93 50 44 70 39 10 57 83 75 31 62 59 4 31 67 60 79 40 40 33 5 21 38 85 16 62 2 32 26 45 94 21 82 84 96 3 85 50 25 5 98 53 19 44 3 76 81 89 40 38 38 24 90 28 98 44 81 59 44 80 1 93 69 1 53 6 
69 13 3 29 19 14 40 60 81 77 60 76 78 87 40 52 50 4 88 65 33 10 55 63 84 20 72 83 64 85 33 17 57 6 88 41 88 42 28 13 13 19 83 95 55 84 96 20 61 36 54 37 34 46 5 94 77 50 66 28 20 42 82 29 71 27 18 31 7 85 11 38 26 65 95 77 79 37 53 98 29 14 28 69 48 83 72 10 21 48 31 6 14 23 87 35 49 32 2 24 80 28 22 56 85 45 27 22 64 96 89 25 95 3 60 27 33 4 17 27 53 93 18 32 75 83 87 22 
9 38 37 91 2 43 37 88 29 34 66 25 10 79 23 15 22 10 33 56 61 89 98 5 94 22 31 8 55 56 63 84 70 16 75 85 64 84 35 87 69 69 10 75 70 71 56 70 91 29 49 64 59 89 62 65 68 80 58 41 13 67 10 81 56 13 54 31 99 49 2 21 6 44 77 21 56 35 33 28 16 49 70 79 55 54 42 41 76 29 3 25 24 55 1 93 37 42 37 94 51 23 21 29 41 95 70 26 70 1 15 75 77 7 85 69 89 63 26 82 48 38 66 23 2 27 20 53 
34 43 38 72 74 71 98 11 1 47 9 13 5 69 21 28 17 46 23 14 25 20 21 44 50 53 38 92 94 81 94 3 29 86 18 45 34 66 81 65 40 84 23 39 45 55 87 99 89 5 68 1 15 89 7 89 42 78 32 78 8 9 85 88 58 12 35 91 87 59 38 40 3 94 94 21 10 82 81 14 93 21 16 60 77 73 16 62 40 11 78 30 84 26 48 30 41 40 45 34 19 39 66 24 67 59 39 58 83 14 21 6 84 54 40 92 25 40 11 10 61 61 0 61 48 94 5 38 
20 27 11 85 46 72 59 14 74 16 5 33 27 17 2 80 48 87 53 53 54 27 49 45 37 27 59 12 38 92 67 94 75 74 58 84 66 38 33 81 29 93 59 89 10 16 73 35 44 53 63 49 76 86 55 38 56 48 64 2 0 36 50 85 2 81 24 98 18 14 61 0 35 66 94 24 7 53 22 84 63 50 3 60 0 35 59 49 96 48 15 50 21 3 41 39 24 23 95 60 83 36 38 63 85 80 21 66 94 22 46 41 8 23 29 97 44 87 43 8 21 48 11 45 52 26 34 19 
38 75 99 0 0 84 93 48 37 10 17 11 60 94 35 66 69 78 25 98 81 15 73 63 14 5 9 6 68 87 75 82 21 86 92 77 47 60 33 82 30 81 99 52 91 48 77 42 68 77 78 30 34 87 8 99 71 99 19 44 27 57 71 99 83 20 8 95 81 96 18 55 3 14 71 5 51 35 63 45 42 66 79 85 4 91 45 66 46 84 85 96 8 99 17 62 60 45 47 8 74 65 31 79 15 91 13 17 2 24 37 94 46 44 40 78 38 53 98 57 0 81 83 69 91 98 97 63 
42 16 42 91 49 44 54 86 90 85 85 15 26 75 82 79 35 83 57 23 68 5 63 38 56 34 36 75 62 27 24 6 50 3 46 45 98 70 54 66 94 14 74 51 55 4 14 27 64 78 68 40 36 10 65 62 33 84 17 44 57 82 46 25 48 51 89 53 50 82 79 72 25 7 59 60 97 76 67 9 74 76 33 95 80 20 18 70 51 78 60 27 91 71 64 91 36 51 14 83 53 89 88 58 56 41 61 90 30 70 6 30 53 59 96 45 2 16 34 19 88 91 41 68 3 51 66 28 
82 73 79 38 0 16 68 28 56 47 89 95 94 14 64 7 84 40 61 29 36 99 94 2 73 99 20 0 40 46 83 11 12 13 81 66 64 60 2 73 7 13 86 44 26 68 11 81 74 34 27 25 62 60 62 29 95 42 26 7 36 85 4 90 93 22 45 87 25 97 59 15 90 47 27 11 74 98 48 58 45 16 73 98 66 3 80 81 76 96 83 12 77 91 4 81 17 23 82 62 79 17 64 97 53 53 60 37 51 88 54 6 50 97 21 50 90 21 64 99 10 92 87 91 6 31 11 29 
65 46 96 68 34 51 89 78 47 97 24 25 10 97 26 3 75 49 35 90 10 26 41 35 34 10 88 28 42 60 90 23 12 23 33 15 66 87 25 18 81 95 95 59 45 97 59 42 2 80 9 69 24 96 11 29 4 33 96 78 5 42 20 56 53 73 57 78 64 70 5 21 56 31 76 98 2 56 47 81 12 40 11 17 78 2 68 59 6 87 90 72 62 98 12 64 88 11 36 45 92 99 48 74 89 32 78 23 16 97 10 33 91 91 12 70 49 96 73 12 55 87 65 61 24 34 89 54 
90 93 58 84 14 85 27 70 11 87 62 54 83 51 88 56 18 82 77 78 93 67 36 0 86 3 3 39 34 79 45 77 36 0 35 66 9 40 83 47 26 20 59 72 6 72 0 20 24 14 24 20 96 87 83 50 16 35 48 50 55 31 37 82 32 58 32 90 65 51 75 31 83 15 25 83 87 47 74 97 18 36 87 29 32 80 57 60 46 77 25 53 53 74 57 99 20 73 8 26 63 76 55 61 54 3 33 87 57 13 20 50 44 75 13 29 49 88 94 59 49 67 45 29 59 19 95 84 
87 47 12 84 38 30 19 6 84 91 90 46 60 16 57 64 48 18 84 92 63 73 49 23 72 24 94 58 12 57 19 36 33 6 2 1 15 37 29 44 90 93 98 53 7 17 30 46 15 97 83 10 2 5 51 4 3 75 56 80 66 57 66 31 87 44 42 91 93 6 91 55 21 63 48 98 55 22 91 24 87 45 51 31 26 34 38 89 38 42 67 49 67 52 23 66 28 45 52 75 61 73 8 2 79 26 57 63 31 17 46 59 47 8 58 53 6 32 1 23 72 89 0 60 80 30 95 33 
23 51 49 81 89 67 86 34 13 25 90 10 84 36 19 55 88 15 28 49 12 45 95 23 34 73 4 37 68 84 76 9 18 25 77 45 92 2 20 9 11 71 25 11 83 12 78 29 46 76 76 6 81 47 20 39 53 40 43 9 1 23 34 6 89 63 18 76 85 96 30 20 92 95 31 92 73 75 85 50 37 39 6 6 80 36 32 57 6 79 73 7 95 81 90 92 61 76 56 62 25 51 1 27 22 60 84 79 20 92 20 53 54 55 22 90 56 23 22 2 72 45 70 7 62 26 69 57 
57 14 41 8 35 21 54 51 22 40 11 23 35 85 82 61 70 53 70 30 52 49 17 58 66 17 26 27 38 62 35 12 47 8 26 27 54 49 54 51 88 72 28 19 59 56 76 39 83 90 88 50 89 39 73 61 65 88 48 47 4 34 68 15 47 11 58 58 39 87 26 14 28 93 18 61 49 30 95 4 9 81 67 84 51 39 74 54 14 44 57 92 90 44 53 34 47 45 3 20 1 68 41 0 4 96 43 9 86 81 15 75 81 2 61 19 80 41 63 82 48 55 65 46 66 48 73 24 
63 97 2 10 4 67 28 43 14 16 90 13 36 57 86 62 59 0 63 10 65 63 74 42 57 88 88 33 5 17 28 90 82 46 54 18 86 87 8 52 71 92 40 32 95 92 37 35 7 7 53 81 29 47 48 84 35 56 25 64 88 23 79 51 8 28 37 67 86 48 91 53 2 89 63 86 0 72 53 74 67 90 68 94 14 81 81 60 8 62 83 99 92 29 97 82 53 7 8 2 84 66 14 62 93 83 39 31 44 32 6 54 6 17 7 72 96 23 76 83 63 49 87 8 16 10 21 82 
53 81 3 91 47 64 55 71 40 14 12 16 74 61 34 88 7 70 60 94 98 97 86 17 82 66 39 19 34 84 93 22 58 8 58 26 10 91 53 97 87 24 74 22 97 36 43 47 17 27 60 23 51 19 22 86 80 64 72 49 40 1 93 14 52 33 8 9 90 55 60 66 71 20 14 10 4 68 76 15 25 10 78 15 92 8 5 86 50 93 60 57 9 34 44 54 28 72 48 57 15 43 76 95 15 90 73 93 8 88 21 54 48 31 22 70 81 40 21 50 38 26 60 3 95 85 82 73 
14 98 64 84 37 23 25 29 13 1 96 7 66 30 8 82 8 8 70 10 48 22 97 29 78 56 42 15 84 44 66 38 89 18 20 57 36 12 23 4 53 40 4 6 3 0 74 2 49 73 14 16 13 50 57 9 27 32 19 58 93 34 2 27 69 83 63 54 58 38 90 95 93 47 1 8 80 24 73 28 15 66 3 5 77 49 62 49 15 65 70 94 13 39 91 50 23 14 10 50 63 27 86 92 30 80 54 39 2 95 56 23 16 93 90 87 69 95 49 30 58 67 0 48 25 39 2 9 
28 71 27 93 50 96 20 36 69 43 36 44 65 58 7 33 10 69 46 89 14 30 39 12 46 2 34 89 54 39 39 40 29 54 26 52 7 95 27 58 57 61 1 60 82 31 43 99 5 54 77 41 22 97 38 2 25 5 81 86 58 38 98 80 72 50 4 44 26 38 3 90 35 30 16 7 77 3 61 87 49 67 29 99 15 73 86 45 2 75 34 75 82 15 79 0 86 82 25 30 72 3 50 90 0 80 27 68 0 59 22 40 56 13 64 49 7 68 13 6 51 22 6 72 62 85 99 90 
57 90 17 23 24 82 80 7 39 29 2 48 15 81 36 89 16 80 29 50 61 43 46 51 86 62 56 47 51 31 5 94 99 56 47 78 76 21 50 14 55 47 95 39 73 89 97 28 39 91 96 15 53 17 82 45 14 54 0 7 88 37 80 98 71 47 49 55 75 48 64 40 46 54 15 55 95 59 73 3 27 81 77 30 16 97 45 28 14 67 40 94 8 36 59 56 90 58 66 9 28 33 25 15 21 94 60 45 33 95 79 51 68 77 97 35 65 57 80 18 14 22 95 49 58 63 52 88 
82 61 95 17 57 3 88 42 63 38 46 67 64 5 95 89 56 98 35 84 62 20 91 34 17 69 51 35 1 77 55 62 99 74 0 71 55 2 19 9 14 14 64 72 3 49 29 23 49 5 54 69 53 43 43 97 5 29 14 36 49 85 68 82 67 19 87 82 31 72 48 85 60 81 74 46 49 57 87 72 98 68 82 78 31 82 85 34 28 5 30 9 27 0 51 54 99 6 32 61 18 50 98 27 78 84 96 87 60 30 95 91 74 15 19 41 42 96 92 6 88 57 8 25 72 54 47 23 
2 51 4 46 41 90 13 41 13 68 54 2 87 66 48 86 2 12 28 92 15 89 22 69 96 51 17 84 25 9 6 68 73 76 35 16 58 25 97 30 80 26 88 26 93 48 66 61 62 90 61 68 71 57 24 0 67 60 5 66 96 57 89 66 53 23 45 94 35 28 79 26 37 43 20 51 9 23 39 62 22 56 1 88 33 79 70 82 70 98 75 44 42 31 99 28 15 43 42 7 72 92 19 82 55 31 31 49 10 6 46 28 81 44 91 43 58 59 27 7 7 57 45 59 8 97 12 74 
68 44 23 21 15 9 56 23 42 86 51 3 23 58 49 56 7 46 80 62 34 7 11 73 84 79 36 94 86 3 95 27 74 6 85 82 73 4 31 55 77 37 48 98 66 73 14 77 27 17 99 68 54 3 83 95 9 77 24 80 28 11 57 31 91 50 67 67 12 32 16 0 61 90 34 59 53 53 16 14 85 93 68 21 6 87 42 7 54 47 53 97 26 72 31 84 24 95 97 68 12 34 83 46 0 49 50 96 23 13 16 66 60 53 51 33 79 7 18 3 24 74 94 23 10 90 85 97 
5 84 83 72 11 46 74 65 10 0 27 12 56 5 91 44 41 94 10 15 40 66 58 2 60 32 94 28 25 20 49 51 19 10 92 79 95 68 67 10 7 29 31 15 86 68 61 55 28 55 24 22 98 17 15 59 55 57 48 34 50 71 31 6 80 86 82 44 0 45 57 32 90 58 10 67 89 53 87 42 79 4 72 77 45 60 18 67 66 21 29 91 21 46 61 21 91 85 61 81 38 96 33 46 28 18 59 91 60 96 90 44 75 70 7 95 40 73 90 92 64 51 2 73 43 98 19 10 
51 37 34 98 49 73 34 62 71 7 33 75 44 40 57 43 24 77 93 76 49 65 59 20 82 57 71 54 76 98 9 57 57 88 48 87 48 3 37 88 1 17 47 22 7 1 60 57 65 87 33 33 64 77 56 33 10 1 48 67 77 2 84 60 45 62 90 55 82 45 96 72 18 83 28 94 96 9 89 63 20 82 79 91 54 78 84 84 11 27 66 17 32 92 57 77 9 89 74 56 47 43 48 68 97 72 6 5 18 48 76 79 79 84 88 82 71 14 51 18 36 75 85 94 44 28 53 75 
6 39 38 51 22 7 52 74 96 6 70 88 7 36 29 93 75 32 86 72 36 33 69 37 45 21 64 16 41 56 24 49 80 4 74 95 86 38 73 77 34 36 87 45 3 9 21 93 53 54 83 68 88 43 19 73 3 67 8 13 8 91 96 34 26 64 44 46 58 23 11 22 75 89 4 75 26 59 73 74 20 22 19 17 90 77 6 3 63 53 37 93 16 56 33 79 40 90 24 10 77 3 64 47 60 60 6 16 37 92 82 30 51 40 38 59 64 71 79 99 21 87 24 24 16 60 4 8 
23 82 53 46 90 52 80 74 46 66 71 52 25 76 33 56 53 18 29 21 93 7 98 75 7 17 82 24 46 14 54 63 98 82 60 58 9 31 31 56 69 56 4 34 67 91 84 45 13 89 91 16 74 35 25 59 63 37 13 41 75 83 73 38 54 65 34 95 12 34 45 5 21 59 33 70 83 94 80 31 81 30 8 3 57 0 71 88 95 61 23 29 12 10 94 2 40 72 52 62 44 90 5 8 44 27 41 36 4 95 48 90 4 70 99 46 64 1 8 62 10 88 62 34 70 51 17 77 
53 24 66 6 68 61 78 61 28 17 61 21 77 87 47 60 69 82 91 72 78 14 83 52 25 40 75 89 18 11 76 71 70 25 83 47 66 52 32 56 25 88 20 56 42 73 76 88 40 34 46 6 84 96 6 22 9 30 20 16 29 33 24 31 33 98 91 12 48 62 57 58 60 24 28 73 31 29 42 42 37 97 73 92 22 27 62 33 25 62 14 35 57 90 0 45 56 52 12 68 24 91 89 73 78 17 63 80 87 84 11 99 4 40 42 84 81 8 49 16 2 8 15 53 99 28 9 36 
49 56 24 40 54 27 34 48 21 72 22 98 89 78 32 98 24 5 30 37 45 82 52 48 26 40 46 30 84 40 83 82 74 9 41 83 70 67 74 30 58 63 6 56 40 87 21 41 28 84 64 93 53 54 24 73 76 39 88 32 12 27 61 55 84 23 39 32 38 86 47 16 39 59 94 39 92 49 31 29 93 51 25 36 17 70 44 54 86 5 68 92 32 45 67 49 10 72 94 92 2 3 15 63 62 94 43 49 47 96 58 63 42 54 1 67 3 92 39 74 84 25 84 84 94 26 1 38 
76 86 88 29 67 56 89 48 86 64 63 20 10 54 11 93 71 66 25 82 52 19 44 63 49 29 88 72 57 67 51 53 42 43 42 29 85 99 73 56 84 27 39 13 13 14 64 1 55 1 28 24 29 68 47 32 17 42 52 79 55 92 35 47 9 46 44 26 24 99 37 18 39 62 53 33 73 56 56 33 53 3 82 15 13 71 14 65 91 62 81 81 55 62 56 95 89 45 10 98 1 46 57 51 80 63 10 59 89 74 18 73 76 57 28 23 44 55 11 4 24 96 17 56 18 34 37 95 
67 63 1 50 46 63 92 93 45 14 13 85 37 27 17 16 84 98 68 99 12 44 48 62 15 41 11 40 68 29 20 74 7 54 84 82 32 47 98 87 5 30 0 78 31 83 55 66 25 22 99 33 71 66 76 62 63 97 76 54 41 49 33 12 88 59 28 19 61 98 51 34 97 73 94 76 25 63 59 98 47 84 37 60 72 24 59 72 78 85 0 29 84 84 81 95 70 97 80 54 76 64 95 17 19 24 23 35 86 62 36 52 55 86 73 78 50 4 79 36 5 22 81 86 40 56 74 67 
31 47 43 15 71 44 15 30 90 21 7 12 69 42 40 50 32 54 47 81 62 37 83 54 55 11 70 27 81 18 45 42 8 74 8 62 45 84 25 24 36 20 12 59 86 44 69 49 66 45 33 43 80 55 26 61 8 29 42 68 5 14 72 98 53 88 67 11 30 12 88 74 54 21 60 90 85 97 8 15 85 8 74 55 55 82 74 1 72 31 49 3 77 64 79 13 81 65 69 41 54 28 1 73 28 94 65 18 1 68 40 12 91 74 97 55 75 10 48 51 32 57 47 86 93 43 8 96 
26 67 1 92 12 63 51 62 30 93 80 66 97 90 0 31 96 44 8 27 79 11 10 32 72 48 43 87 83 23 35 26 42 85 27 58 5 88 48 18 34 70 21 84 82 60 20 59 82 53 80 18 14 47 95 87 0 25 58 59 35 27 78 80 41 19 23 17 75 91 26 33 81 72 70 73 84 98 62 61 98 52 33 46 66 76 12 5 18 49 87 5 16 92 85 92 88 2 68 57 51 12 64 88 61 99 68 42 84 29 76 71 51 62 41 2 27 65 57 48 3 86 57 44 15 21 51 71 
90 77 23 66 78 93 39 88 51 83 61 44 19 8 34 34 59 83 1 1 28 53 97 81 13 87 61 69 56 42 25 13 11 15 77 32 38 98 84 24 83 58 0 28 54 38 86 47 3 4 68 12 19 42 39 11 62 0 93 97 15 67 78 38 77 73 70 54 96 33 86 23 55 13 0 41 58 76 1 36 27 32 2 91 2 55 85 88 67 20 82 94 84 34 9 17 39 35 53 27 54 24 12 12 79 48 89 12 7 97 85 50 28 60 99 37 4 56 90 50 56 80 42 12 91 62 19 23 
70 71 81 69 82 99 44 23 74 98 2 37 67 71 16 68 63 48 68 10 69 11 83 85 31 30 63 42 70 48 8 84 71 18 47 36 16 61 69 17 8 91 72 10 81 73 73 7 22 24 94 89 65 86 64 4 99 68 42 70 60 22 72 39 8 81 23 72 85 50 63 91 8 90 99 90 96 68 40 41 75 23 54 89 68 60 27 58 55 83 57 4 74 88 16 44 23 49 96 85 16 57 88 59 86 55 66 97 42 33 20 37 8 73 14 10 5 15 67 58 14 6 0 68 69 56 40 36 
72 14 97 57 7 14 99 94 92 52 45 99 14 86 32 61 57 87 22 63 12 23 91 20 73 37 32 13 30 5 14 43 78 40 23 95 22 36 83 76 61 47 22 83 49 11 72 1 71 74 31 15 27 38 25 77 68 51 52 21 93 22 35 79 2 5 97 62 60 97 9 57 57 87 71 7 75 87 14 1 8 41 32 30 90 62 0 67 2 0 53 99 91 28 61 69 5 94 72 4 71 18 96 86 16 65 99 84 69 91 82 54 73 70 40 55 18 63 69 76 61 91 11 77 18 54 79 27 
34 50 36 15 90 24 97 77 29 78 86 75 8 42 38 9 71 36 61 79 21 32 70 17 5 30 51 55 71 83 10 5 51 4 11 50 74 53 19 79 76 51 68 76 73 98 61 36 85 35 25 92 32 94 26 63 33 76 80 64 85 28 0 54 62 4 8 41 0 97 96 75 21 9 77 49 66 9 77 19 85 42 79 89 46 27 6 88 25 92 97 39 57 82 89 17 96 66 79 48 96 19 11 54 96 11 36 33 56 42 75 5 89 64 28 33 49 99 86 92 86 70 72 69 21 34 96 90 
23 78 53 23 43 22 58 35 40 1 39 83 51 90 24 15 18 40 28 6 30 85 34 79 42 15 26 9 69 41 12 91 60 13 40 58 51 1 99 47 72 95 6 84 11 68 67 74 33 63 44 89 24 10 42 86 32 40 75 35 59 78 60 21 47 35 73 95 4 59 71 42 27 12 35 8 24 67 42 8 59 53 31 49 84 23 81 13 8 51 41 74 79 36 34 74 68 91 73 26 92 41 96 34 82 35 98 38 47 42 28 35 45 69 23 94 26 82 93 35 47 89 9 59 96 19 85 3 
38 43 6 31 45 43 93 58 0 31 81 70 42 87 26 77 53 11 39 12 16 63 47 39 23 67 75 24 58 17 97 0 77 66 1 35 18 40 74 74 22 39 27 34 63 89 3 89 30 7 88 85 20 33 31 22 72 4 89 14 49 20 57 26 22 32 15 9 50 34 59 58 33 89 4 50 22 36 84 45 49 57 88 78 8 28 65 35 71 50 16 62 92 72 34 87 4 50 58 67 56 25 2 67 74 79 50 2 46 93 75 90 83 50 6 7 61 48 61 51 91 81 44 97 43 93 43 52 
86 67 7 48 12 86 2 41 35 75 15 86 83 49 45 74 97 74 80 87 44 52 86 37 15 12 56 40 89 89 0 32 9 64 70 40 94 4 82 35 86 22 45 66 14 29 26 11 75 95 9 11 42 79 6 16 58 0 24 86 56 0 14 33 10 81 43 47 84 80 99 67 46 15 33 24 43 11 31 73 66 95 93 8 66 68 76 0 64 55 70 58 86 29 15 8 47 25 0 57 26 49 86 20 31 46 73 11 21 13 66 85 23 17 98 99 55 60 70 37 79 29 56 99 50 93 60 81 
66 54 14 84 81 98 74 28 6 29 45 37 66 11 6 96 42 99 15 82 92 31 79 96 47 55 75 25 6 7 69 72 5 34 63 10 8 15 61 72 37 9 97 86 52 98 36 19 29 31 78 32 82 41 89 52 47 2 63 69 57 42 81 64 85 9 47 85 15 84 28 25 83 99 80 19 43 62 10 31 53 52 66 77 99 38 77 25 29 51 32 60 30 68 74 24 42 97 51 49 19 65 46 62 10 12 93 85 86 53 3 22 7 25 3 73 96 16 49 89 61 64 87 6 99 10 26 79 
81 40 41 53 4 18 63 11 89 54 92 5 90 62 11 50 68 51 61 31 18 63 71 50 15 25 62 45 25 84 91 15 76 21 90 69 18 73 18 29 19 16 47 56 23 73 99 41 50 22 68 64 40 64 74 92 0 90 67 84 10 87 77 22 58 8 25 25 43 98 55 98 0 87 91 78 28 92 31 82 50 70 40 11 14 3 29 47 17 80 12 38 49 17 95 73 95 38 44 15 71 13 56 90 33 61 21 54 96 0 47 17 13 66 52 84 57 90 70 14 67 49 60 65 48 65 59 53 
30 60 7 5 40 52 81 87 18 38 47 80 75 79 2 22 37 87 53 29 69 30 82 8 67 90 91 80 65 47 35 80 89 19 71 25 54 91 77 91 75 4 16 55 56 57 44 38 35 78 46 41 59 58 31 29 99 0 9 34 19 71 46 73 2 17 66 24 74 43 6 34 88 38 81 19 99 35 48 68 52 56 12 96 82 79 27 48 92 16 56 58 21 32 58 9 14 84 84 44 27 8 19 84 28 82 72 87 35 82 2 1 94 55 43 48 79 29 14 18 76 40 62 89 21 56 94 72 
24 29 57 90 64 92 5 28 29 82 42 13 0 72 27 74 47 39 16 58 53 81 49 68 30 36 14 31 62 30 65 38 58 54 40 65 86 57 5 55 66 1 82 51 73 46 48 9 40 20 68 2 11 46 9 55 21 45 65 57 88 94 96 50 64 83 86 9 93 67 30 15 4 9 62 55 60 9 74 5 11 90 59 26 20 60 48 3 0 35 57 14 40 24 47 58 18 64 32 94 45 55 52 46 80 6 73 23 24 40 50 78 25 12 57 32 76 79 34 91 69 54 0 91 79 17 35 6 
27 76 63 72 34 60 84 76 34 38 66 89 27 99 76 87 40 95 2 31 62 43 56 72 64 60 88 22 66 62 6 29 45 21 92 77 89 0 78 16 99 69 45 36 89 69 28 6 21 6 0 57 37 61 6 86 10 33 31 31 98 46 10 55 20 72 29 30 45 0 94 20 55 88 38 23 55 0 60 99 1 95 38 28 97 83 78 85 66 34 2 14 41 98 28 50 65 29 50 55 72 38 86 87 86 97 78 33 0 48 68 19 75 1 8 71 63 30 28 77 43 7 64 71 0 9 94 32 
13 94 1 9 1 5 3 62 2 61 64 3 91 54 49 85 7 96 80 6 46 57 94 92 54 81 22 9 27 20 39 56 84 84 20 23 96 48 24 31 22 81 85 4 76 36 28 60 98 1 43 28 51 55 27 87 6 68 88 78 51 45 93 34 6 76 87 82 63 81 30 48 19 82 49 8 70 87 32 7 74 88 55 72 95 70 20 26 85 46 65 30 4 7 77 81 50 39 1 85 21 71 38 68 9 44 64 95 3 77 60 32 46 14 41 86 2 8 94 21 64 50 17 73 26 10 10 10 
12 56 97 35 9 4 33 47 19 22 85 37 15 0 54 43 44 16 51 66 67 39 81 25 74 75 21 66 32 68 25 31 2 2 66 75 84 18 20 67 9 23 14 4 29 8 98 38 0 37 75 22 16 0 94 34 4 12 51 16 25 87 42 23 40 18 55 47 20 16 41 17 59 77 28 19 66 93 9 16 22 82 2 22 92 65 93 79 43 5 89 89 33 0 40 50 29 43 83 52 36 70 34 89 4 74 63 87 44 34 72 78 55 49 44 42 65 35 63 70 29 6 47 15 93 97 52 14 
6 64 42 32 40 55 80 55 20 22 41 25 78 6 58 56 11 10 72 21 33 56 33 23 91 30 40 72 52 80 86 24 2 3 25 27 36 60 21 22 80 79 80 82 37 5 74 45 18 46 42 71 90 18 46 3 21 35 36 98 86 74 61 9 17 9 8 87 23 5 15 2 85 95 33 38 43 28 38 67 31 14 75 58 44 91 18 37 31 71 6 14 82 19 21 72 89 24 40 88 39 70 82 91 80 86 86 69 42 74 23 55 60 62 88 28 44 91 99 69 38 19 68 37 0 84 50 22 
21 1 49 69 64 43 5 44 86 62 57 85 39 23 2 83 23 84 9 70 64 21 91 99 36 99 68 48 87 27 87 61 94 33 99 85 7 47 63 96 65 29 2 29 42 65 85 57 43 44 80 46 52 3 44 17 17 50 55 94 44 30 36 95 56 11 70 36 57 83 31 82 19 77 74 42 52 1 26 40 41 63 74 62 19 61 89 98 53 23 26 47 14 34 59 13 40 0 76 78 11 78 74 24 44 62 32 71 3 20 94 18 15 69 4 5 1 14 46 92 10 37 74 22 10 8 64 85 
11 71 48 70 19 99 62 23 43 59 33 13 47 7 65 84 54 66 74 61 85 81 72 53 73 68 66 36 83 5 84 4 47 21 7 54 71 50 80 68 83 30 65 3 32 74 59 41 53 89 72 89 74 11 69 9 23 7 18 49 40 67 41 20 43 88 95 60 23 7 34 88 56 26 13 50 87 9 84 76 21 14 62 55 26 83 30 78 24 21 27 56 32 36 4 34 16 68 97 31 60 31 58 35 31 75 11 85 91 59 46 55 2 51 52 19 73 61 42 88 83 85 53 69 63 32 49 72 
27 41 95 8 58 82 79 6 20 76 31 59 69 51 4 97 8 68 7 76 85 97 78 99 40 55 17 71 70 20 9 45 17 72 5 5 5 51 7 43 56 77 89 40 0 8 73 92 73 90 93 34 5 51 73 85 37 32 86 62 18 53 77 18 34 5 70 26 60 15 63 20 94 67 88 68 29 20 66 39 85 85 35 76 96 49 5 54 1 97 82 78 15 68 76 95 20 6 35 25 70 93 53 74 26 53 79 6 13 91 56 55 93 3 6 20 5 92 64 50 85 33 99 55 1 96 23 20 
76 45 45 9 66 34 58 20 90 39 25 87 48 99 15 81 97 99 31 0 95 14 41 20 14 46 47 40 88 5 67 74 37 78 63 76 8 77 89 72 4 61 43 54 61 26 51 3 58 81 53 48 8 65 90 91 48 79 0 41 70 95 8 36 95 47 77 59 53 85 13 32 68 89 83 19 47 81 73 6 3 68 29 58 7 87 46 99 12 23 26 41 36 52 14 12 57 73 12 68 5 64 56 90 5 33 2 17 78 60 58 68 21 67 67 39 58 18 52 74 72 68 50 0 16 71 19 99 
33 54 89 53 86 86 37 71 80 33 72 58 65 51 87 0 84 52 21 48 63 58 26 95 74 19 92 29 22 66 44 18 11 37 51 36 67 80 45 60 51 84 1 55 71 76 34 99 73 64 81 54 98 70 55 94 2 41 26 88 16 94 64 62 47 73 36 98 96 27 13 57 45 73 16 5 55 54 12 25 93 70 53 28 46 11 46 99 30 58 86 79 70 67 42 92 4 46 87 62 91 88 23 50 19 21 69 5 23 39 43 37 7 21 92 6 0 86 91 41 58 60 40 70 73 15 90 17 
44 13 34 57 40 14 8 26 28 93 42 92 41 47 85 25 52 85 89 72 86 84 56 31 97 87 4 69 21 59 0 29 19 78 15 27 25 63 57 11 85 33 43 65 13 44 55 45 42 36 96 93 3 39 2 88 71 35 75 16 76 32 91 73 67 99 71 34 5 39 32 68 24 98 52 17 93 86 40 90 97 63 4 90 29 9 42 34 47 24 2 91 26 78 70 73 82 55 0 30 17 33 74 61 18 42 3 46 17 5 69 75 48 54 8 38 84 96 95 34 91 32 36 11 52 66 38 97 
80 71 64 22 5 11 98 72 3 46 28 54 0 65 96 71 64 29 8 61 67 48 45 41 81 87 28 73 27 15 9 65 13 29 8 42 14 5 56 76 98 38 3 51 21 9 22 2 87 71 90 85 56 14 63 64 94 58 34 96 14 48 7 84 95 5 12 61 20 81 89 48 50 86 66 59 73 17 46 9 7 25 4 91 68 20 91 43 65 74 81 21 34 33 33 97 8 9 5 74 10 38 69 58 54 53 24 65 3 63 64 69 93 19 70 56 87 94 38 28 74 87 34 93 80 49 80 14 
23 27 73 5 50 81 61 91 2 52 76 38 60 56 71 9 85 52 47 16 85 67 96 81 68 47 95 36 53 80 71 75 39 62 60 13 29 13 91 65 46 83 95 52 93 50 33 37 59 39 14 92 7 49 17 48 81 60 44 40 48 8 34 73 46 85 48 52 43 98 4 92 73 81 12 52 23 71 8 88 78 88 43 87 59 17 65 46 77 80 48 83 32 68 31 9 65 95 80 27 95 20 49 19 51 79 78 22 52 2 77 0 84 12 36 63 27 54 96 13 9 21 45 6 49 23 34 64 
53 13 25 3 83 28 77 38 66 21 4 7 12 89 12 46 38 34 91 91 54 60 86 25 28 98 26 60 86 33 47 27 33 47 7 38 30 24 61 45 35 13 60 83 43 35 3 52 60 79 98 89 72 1 46 73 82 89 2 81 41 72 49 54 48 44 23 91 6 30 2 84 17 36 46 40 87 25 45 97 6 11 99 89 29 74 14 49 47 76 4 28 17 54 57 72 52 75 35 47 84 33 99 64 15 14 24 43 10 58 26 9 80 62 92 46 77 55 1 44 14 61 81 40 16 28 73 17 
46 64 38 52 93 91 99 30 43 48 82 4 83 65 76 38 68 20 55 71 75 59 11 15 73 39 28 29 75 61 79 58 39 84 64 94 31 36 25 30 95 79 97 52 18 65 82 18 7 55 33 74 64 12 51 90 91 64 35 37 0 2 68 35 80 29 79 13 57 27 72 48 57 66 32 60 59 34 7 87 96 86 16 71 37 18 44 10 74 76 87 16 77 14 45 33 23 74 83 44 97 26 33 80 44 76 86 70 44 63 87 75 75 49 22 96 93 43 16 11 56 51 84 15 89 8 4 37 
91 89 36 90 93 70 61 27 93 52 70 5 90 63 76 90 53 21 49 61 17 75 33 92 85 70 15 74 38 96 55 1 24 55 16 30 32 85 10 73 57 58 83 22 82 14 56 25 33 32 6 38 44 26 34 80 82 19 51 33 74 31 92 18 57 23 12 68 47 15 7 52 18 56 60 20 26 81 9 30 67 27 51 99 31 64 17 36 49 0 3 69 9 91 78 78 26 1 10 6 23 39 97 26 93 85 4 82 75 71 87 10 54 84 88 62 14 88 69 10 47 0 97 21 21 38 83 99 
5 6 30 5 43 40 30 65 12 51 19 33 18 39 70 66 20 40 6 96 15 65 35 96 35 42 22 61 84 24 32 44 39 42 24 78 67 55 66 88 26 2 30 43 33 67 10 39 67 78 94 56 60 49 54 76 85 79 76 13 81 21 19 21 68 64 94 74 80 14 4 52 95 28 11 77 51 84 62 32 8 47 37 24 18 0 93 84 55 33 53 60 78 53 44 6 33 38 63 14 42 44 11 94 1 69 90 80 32 43 9 48 32 87 81 35 68 80 92 25 88 66 8 47 93 49 76 41 
8 0 62 26 25 97 53 42 92 2 6 76 97 56 56 28 23 65 13 56 23 32 9 10 23 65 73 57 53 9 29 45 38 67 60 27 33 27 60 57 56 99 48 94 45 83 0 25 22 90 37 29 34 22 93 10 81 63 34 22 46 15 98 31 64 15 20 23 85 62 88 63 56 39 24 19 96 85 9 13 44 40 97 35 52 98 31 37 1 78 73 72 1 27 29 85 94 46 16 41 69 95 83 68 90 92 61 21 46 90 41 71 43 79 41 97 71 19 41 2 13 37 15 73 1 11 5 92 
48 27 64 47 24 3 92 34 73 69 81 51 32 91 9 94 81 50 52 14 17 4 76 88 8 69 85 73 63 26 84 84 66 23 53 56 41 61 41 59 27 29 57 31 55 13 82 78 86 49 66 91 62 93 93 5 92 49 96 13 95 26 26 60 16 28 45 80 30 42 38 90 29 81 1 47 31 32 83 84 27 56 2 50 90 55 16 70 38 71 52 87 88 65 48 78 33 98 73 47 59 70 58 73 9 80 89 21 50 94 80 64 32 42 82 92 38 7 20 54 24 21 66 39 9 86 54 10 
76 66 25 37 40 61 12 4 75 98 82 95 33 2 56 67 21 35 84 35 18 28 53 22 58 28 82 76 90 3 28 93 59 29 82 90 99 82 28 36 38 47 69 8 32 21 24 18 63 33 44 50 80 70 34 41 15 87 59 44 57 81 7 93 80 24 44 16 47 37 3 63 58 73 75 95 0 32 30 96 25 91 58 14 47 88 91 58 60 36 34 40 89 4 42 60 0 67 38 91 51 41 39 89 76 81 57 85 46 13 53 97 68 86 47 77 54 55 80 45 30 25 1 89 73 33 51 13 
65 18 43 46 12 1 81 67 94 10 37 55 10 82 3 33 3 85 43 28 32 97 84 40 42 76 8 11 46 60 51 15 11 73 50 34 37 43 88 53 25 65 96 75 89 0 34 88 74 60 19 33 73 39 93 83 45 17 18 94 27 5 43 69 98 4 90 54 92 1 60 77 79 98 66 10 34 60 73 11 81 18 99 37 50 97 14 16 31 38 49 2 83 5 52 41 59 61 37 93 97 84 29 33 87 19 59 34 96 91 80 77 95 42 93 86 34 4 75 41 84 9 16 41 95 78 53 8 
16 17 85 12 94 57 16 14 28 91 99 31 59 93 69 84 81 99 61 60 83 9 52 11 79 45 28 32 41 98 75 9 0 54 24 36 64 71 22 6 73 72 44 7 39 88 73 3 82 78 55 13 79 25 63 70 85 46 8 51 77 17 45 14 30 31 44 1 21 63 39 11 65 58 38 96 65 15 69 63 48 34 11 88 28 47 15 56 62 94 53 48 50 26 70 77 1 88 25 33 47 34 74 11 18 25 79 31 78 33 57 9 96 47 5 50 3 57 76 86 90 57 7 53 53 59 61 44 
64 30 31 23 54 29 58 20 61 58 35 35 97 34 21 71 5 60 65 21 64 15 87 83 15 48 43 16 42 80 49 66 61 91 98 19 43 31 87 56 4 30 88 66 81 71 50 93 18 44 56 6 72 61 45 79 39 22 44 71 17 2 90 39 57 81 1 2 46 33 64 28 40 67 61 69 73 82 17 13 58 25 24 28 15 70 86 10 53 43 46 91 37 31 23 95 51 95 76 51 1 47 71 74 19 69 71 66 97 94 78 23 98 63 50 33 94 63 93 87 48 65 19 39 24 42 94 54 
2 17 96 62 14 49 93 60 74 16 78 5 3 86 91 61 58 38 95 57 82 29 79 32 20 27 41 66 76 34 66 37 39 87 25 60 49 48 82 52 63 60 60 2 18 80 28 26 18 27 72 78 17 22 20 85 47 34 57 89 88 55 6 26 51 30 50 26 23 1 2 76 0 55 45 4 48 80 45 32 79 64 85 36 58 63 49 89 63 89 49 34 33 89 20 53 5 96 34 47 65 52 26 91 82 29 19 21 7 27 13 49 15 82 78 3 14 54 29 1 46 65 13 51 52 71 11 60 
76 51 63 67 39 50 37 23 23 37 19 67 58 82 80 55 97 68 67 83 58 0 77 79 25 91 52 63 40 96 28 37 92 54 75 92 68 23 71 20 82 62 30 84 17 37 14 38 36 80 32 53 55 72 71 2 99 76 71 35 58 73 65 80 3 97 71 51 13 53 62 45 75 77 54 18 77 80 91 50 10 45 74 51 87 12 88 26 91 72 32 92 71 79 47 1 61 41 23 85 84 45 91 7 3 18 81 63 72 55 82 84 6 16 43 22 89 85 95 97 49 76 42 52 77 53 39 46 
33 26 26 21 56 40 90 64 20 1 17 44 95 73 76 38 32 64 20 49 79 25 78 63 55 78 47 33 46 59 48 17 63 55 11 21 7 71 35 65 78 14 36 97 62 79 75 26 67 87 8 63 25 52 9 72 5 57 82 42 23 24 53 47 34 14 94 94 65 33 84 31 74 56 44 29 35 59 85 13 22 74 93 74 5 44 43 4 91 72 30 28 86 17 95 39 93 8 35 16 52 31 51 91 92 78 81 47 42 51 70 61 69 80 49 32 8 95 24 97 86 4 97 40 16 4 5 46 
74 10 22 24 55 15 41 84 81 56 1 89 31 76 62 26 33 43 54 63 30 63 63 1 31 47 4 51 71 16 85 60 20 57 12 30 24 2 61 80 77 62 48 25 17 0 91 22 1 60 34 46 89 70 28 95 33 55 56 40 23 51 62 12 52 61 44 8 43 97 61 80 96 22 22 98 36 16 33 13 22 61 48 3 65 52 90 11 81 18 44 84 21 3 91 10 48 77 65 30 54 9 61 31 44 73 22 13 82 37 50 35 19 74 22 51 61 25 73 76 34 84 28 67 54 44 6 56 
3 10 51 11 61 81 89 99 22 86 5 74 9 5 91 68 99 43 14 6 12 90 76 73 48 14 64 89 86 51 16 23 9 97 28 64 47 45 70 78 37 36 81 46 6 83 68 96 21 6 45 85 55 12 7 35 24 46 86 66 56 13 96 6 25 55 32 15 92 57 77 80 42 27 95 12 3 41 18 24 27 44 72 72 21 36 5 85 3 10 70 69 53 79 64 12 31 51 88 47 15 7 50 25 19 56 0 46 83 66 14 57 71 1 56 14 35 84 67 97 35 93 84 86 71 34 70 5 
51 53 72 19 76 94 88 26 12 48 80 82 29 56 56 79 59 32 35 51 37 29 48 51 75 14 31 21 37 32 51 19 86 22 48 0 80 13 4 52 51 68 20 44 77 40 23 98 68 22 21 64 58 9 73 48 73 36 3 89 25 27 29 39 5 57 83 20 35 85 53 14 52 82 49 74 34 46 17 83 97 88 13 0 18 47 50 10 7 44 51 61 27 49 93 28 8 95 75 31 13 75 41 3 25 33 23 7 46 36 73 72 73 68 47 92 99 89 22 72 49 66 96 40 30 32 85 19 
11 57 91 15 55 84 30 49 15 16 27 47 86 64 0 23 64 66 90 73 42 60 2 69 47 86 64 99 16 28 36 29 65 25 48 12 86 91 14 70 51 50 22 42 61 86 31 14 16 72 88 73 53 46 46 53 76 84 5 90 42 75 46 3 71 1 24 63 37 54 78 50 79 28 83 38 50 87 81 37 69 83 92 56 41 67 31 46 40 11 2 70 11 75 74 7 53 44 21 23 0 12 40 56 33 18 98 81 44 81 66 2 96 56 62 88 59 13 33 90 28 0 40 34 70 88 77 84 
6 32 28 45 40 38 71 42 75 10 79 97 94 37 23 94 80 41 56 45 45 78 56 66 78 54 93 29 46 50 52 7 21 35 26 21 86 30 32 43 75 84 27 4 42 57 0 92 89 5 5 16 94 25 62 52 45 61 38 86 54 56 27 43 55 58 25 89 58 20 64 75 6 18 86 49 11 14 7 26 77 99 49 58 99 84 55 28 68 13 96 55 71 67 8 76 22 51 80 22 77 22 30 92 52 15 35 9 2 44 4 79 68 13 94 87 98 88 19 7 14 95 0 52 3 34 15 70 
96 18 25 71 47 69 56 15 72 19 41 78 76 67 15 37 19 24 21 41 89 9 75 77 65 59 15 23 19 5 64 77 49 71 68 76 83 37 67 73 20 74 11 27 38 19 57 83 55 76 42 31 59 10 19 13 62 92 17 10 70 72 40 0 65 2 22 96 6 6 53 45 47 10 56 28 64 18 51 63 62 51 36 4 87 53 97 99 8 9 78 63 33 41 82 15 82 99 65 42 18 82 70 9 15 59 48 26 39 61 75 95 83 96 5 66 26 18 90 93 24 52 11 7 58 36 59 53 
89 73 24 3 41 34 65 18 94 98 41 83 17 21 88 71 72 31 16 18 1 59 53 74 88 82 84 56 28 38 5 94 62 50 46 39 27 51 35 57 38 23 71 1 6 90 63 15 88 48 30 54 2 14 78 57 44 7 83 96 26 98 95 11 21 66 29 28 76 5 35 91 22 45 76 17 38 28 38 83 21 60 92 70 88 34 94 81 36 61 56 17 14 28 70 5 6 76 82 58 63 91 97 32 78 89 73 83 87 12 77 10 41 8 34 42 45 12 55 97 71 8 2 41 9 96 56 34 
60 28 58 0 4 16 99 75 84 21 3 19 21 89 76 90 83 34 53 48 30 79 44 23 23 30 21 39 11 77 54 54 99 76 80 53 23 36 93 81 30 73 56 59 26 80 28 28 9 50 51 10 6 98 83 26 91 54 25 90 96 44 74 19 23 59 10 96 99 57 56 57 72 59 95 11 46 7 59 95 78 77 40 18 75 10 39 50 22 22 31 89 55 82 20 90 93 66 9 58 57 21 56 95 6 44 47 12 90 17 28 59 23 66 6 93 31 58 15 37 68 2 18 92 26 48 60 7 
26 85 69 91 92 86 77 44 52 47 72 62 24 63 64 43 62 28 8 76 23 41 30 92 32 67 34 27 49 40 29 73 58 29 31 91 48 22 83 65 96 4 32 33 38 19 29 81 32 48 65 35 4 54 15 84 47 83 4 19 0 29 13 73 62 89 95 64 16 34 4 88 90 57 46 24 22 28 65 43 93 37 57 12 80 86 5 20 61 81 82 15 79 13 27 85 21 86 52 79 41 98 20 82 24 77 39 11 54 25 52 74 93 6 33 13 37 92 86 5 35 78 64 52 82 99 65 26 
95 37 77 23 84 24 82 75 67 52 79 72 49 33 57 0 17 46 11 49 13 86 60 7 65 7 99 96 12 86 60 63 7 81 41 0 38 24 10 57 35 64 47 17 98 51 38 83 82 40 81 38 16 32 88 44 72 39 12 43 42 15 53 3 27 23 47 96 27 44 56 17 61 69 87 44 37 12 24 28 22 34 80 81 54 15 53 48 13 79 84 7 2 39 38 96 66 16 40 79 77 49 17 2 92 42 82 7 79 57 51 53 54 23 14 45 51 96 97 61 1 57 31 52 35 68 73 8 
14 60 74 77 7 26 60 22 38 46 69 40 54 7 96 2 25 37 59 42 23 93 66 45 41 93 51 93 20 30 88 91 49 58 43 77 32 89 34 48 70 11 29 90 49 72 14 78 39 46 15 51 15 60 87 14 91 61 92 32 95 84 4 6 82 24 81 49 54 35 15 92 39 6 85 99 22 2 2 62 87 12 64 79 25 36 55 60 24 19 66 45 14 95 5 16 78 35 53 64 88 23 77 4 29 80 19 24 68 43 19 28 76 24 0 35 5 5 24 71 48 14 99 61 94 4 62 70 
88 32 22 89 73 99 42 92 5 0 86 4 26 26 91 69 67 59 58 69 13 74 4 49 36 61 69 92 47 9 24 41 53 2 14 35 57 48 55 85 32 60 68 10 47 15 96 46 9 48 41 17 36 35 0 78 99 0 82 20 24 90 88 8 15 87 38 11 59 50 40 59 27 72 13 20 64 6 0 23 36 90 88 9 19 7 90 41 51 43 19 11 67 0 59 45 8 9 48 35 62 42 35 32 22 42 11 95 9 62 90 64 27 48 28 27 87 30 52 11 29 6 12 46 99 84 76 3 
16 44 49 71 93 11 68 2 84 47 49 49 85 14 99 31 78 56 20 81 47 99 76 3 9 75 89 91 23 15 3 68 69 56 95 70 97 63 45 37 67 73 17 92 11 21 81 28 78 6 80 69 82 87 56 2 10 85 92 69 63 49 25 73 69 2 84 36 4 18 59 34 98 37 42 89 7 63 9 66 25 29 41 87 60 71 4 1 65 95 74 89 81 86 65 73 32 64 34 80 55 99 19 69 11 92 33 70 13 78 32 73 90 77 63 19 62 86 58 13 90 92 22 53 59 79 5 90 
80 84 31 71 93 94 78 42 12 88 11 4 37 34 58 57 62 67 72 43 85 46 44 26 43 62 6 30 43 17 96 57 22 44 28 51 19 65 11 30 62 15 83 73 46 72 98 50 99 35 23 96 41 37 35 75 35 40 42 99 90 97 60 58 96 19 79 36 94 7 73 91 47 60 5 50 54 38 93 93 98 80 80 21 70 13 32 11 19 24 44 41 45 49 60 85 56 73 67 22 18 7 78 37 32 78 5 16 54 36 20 84 1 17 80 98 40 98 37 31 28 96 0 8 27 28 4 99 
48 37 9 29 14 16 85 8 82 89 1 18 53 65 97 26 98 26 71 92 77 8 42 46 62 46 64 14 13 67 86 24 20 35 48 61 29 93 83 12 52 55 45 24 67 92 36 12 42 93 25 62 8 6 1 46 43 97 75 70 55 13 67 92 78 29 70 69 98 62 74 53 91 89 32 75 8 61 98 14 73 84 53 2 94 68 13 73 89 21 1 34 97 24 18 53 0 4 6 19 69 56 44 12 83 61 27 11 29 48 7 22 15 95 64 68 77 61 86 96 35 85 17 20 62 22 26 50 
32 15 89 67 90 16 45 15 14 5 24 54 22 37 74 12 6 41 51 37 73 47 80 41 97 73 19 40 59 55 56 98 11 40 43 88 22 79 12 20 95 1 62 11 35 52 59 53 18 96 69 85 96 5 99 78 33 62 91 1 91 87 99 75 57 29 9 18 57 87 79 27 72 52 38 30 12 62 7 5 93 8 82 42 28 34 43 80 0 53 51 3 9 82 89 74 81 82 64 35 89 35 11 85 20 85 79 38 29 15 86 16 2 57 74 93 71 11 87 24 83 41 56 80 37 32 86 60 
52 28 94 82 78 30 80 5 27 13 43 54 41 34 81 7 82 18 52 2 66 23 95 29 65 42 57 66 71 89 37 8 3 10 2 54 65 35 7 77 99 6 61 34 58 6 41 7 34 20 9 69 1 97 1 60 95 86 56 13 17 8 3 71 47 35 81 21 80 48 69 21 67 75 32 78 77 58 51 55 98 62 76 3 89 71 31 63 0 47 78 5 12 17 60 84 33 14 94 87 64 96 59 50 41 48 0 71 45 23 78 38 39 31 79 60 84 13 91 63 98 88 34 66 73 81 40 42 
96 35 80 49 36 35 12 89 2 29 18 17 97 15 8 47 82 10 88 91 58 71 99 46 13 92 41 11 82 30 64 90 48 39 20 36 83 34 49 8 9 70 81 27 10 75 63 36 95 9 45 81 89 13 80 28 33 9 81 69 93 13 66 70 26 90 6 97 96 2 86 9 15 65 30 79 45 13 72 94 6 27 71 77 56 99 12 29 58 5 27 64 90 7 45 90 41 15 64 39 8 92 60 71 75 78 29 57 3 27 74 73 45 57 28 15 62 81 15 61 90 9 32 9 73 38 41 64 
29 3 15 14 61 89 94 3 17 8 52 30 80 90 32 3 88 62 8 95 85 54 73 62 46 27 67 53 91 83 99 56 86 92 95 37 10 52 49 14 55 72 3 24 96 87 4 5 48 82 31 84 85 19 57 69 25 70 1 5 96 62 40 23 63 37 0 98 9 36 47 73 53 94 74 15 43 13 22 55 34 97 74 58 66 60 67 65 37 11 80 99 30 88 99 11 30 24 74 30 86 12 13 79 70 56 71 60 64 98 97 12 70 83 99 26 2 93 65 20 45 30 67 86 54 1 8 7 
65 44 26 91 57 47 11 49 99 98 51 15 92 65 87 36 67 69 56 98 24 73 84 54 8 32 35 64 97 35 23 67 65 9 76 49 93 22 24 90 55 0 81 16 36 44 95 62 57 42 84 98 47 47 52 94 41 19 69 93 31 2 49 0 88 34 72 52 0 29 84 7 56 77 69 65 33 61 55 66 42 86 96 62 23 36 24 85 64 75 62 14 82 10 42 47 9 57 33 28 8 56 55 23 52 40 20 8 15 11 42 12 26 40 77 67 23 30 62 73 8 30 81 19 21 62 12 82 
53 90 7 95 67 5 23 87 14 99 2 43 45 42 58 17 61 60 61 8 88 91 64 78 46 65 0 67 69 3 22 1 39 1 27 40 2 5 9 96 53 82 23 37 42 97 75 88 33 26 47 60 45 84 24 98 52 73 58 4 7 61 94 46 54 38 85 89 63 60 65 26 41 25 66 31 78 42 71 40 53 16 0 30 33 7 59 49 83 84 96 51 75 53 95 68 42 0 8 36 67 25 79 16 78 61 52 15 97 20 95 38 68 24 27 39 17 38 35 24 78 13 5 41 59 91 73 25 
62 21 44 86 0 61 83 45 48 34 49 19 46 33 43 65 85 8 30 35 7 42 39 93 42 56 71 95 41 55 12 2 64 32 38 21 57 53 70 5 11 50 64 4 62 36 14 1 47 74 18 53 56 11 60 26 57 91 56 66 76 56 17 47 2 92 26 83 56 65 24 90 72 11 50 14 77 23 19 77 6 79 10 57 90 92 98 65 57 12 93 60 79 37 54 51 71 49 85 92 66 33 85 35 76 19 11 15 47 29 0 11 83 6 86 21 25 90 61 43 87 30 63 31 71 63 32 60 
41 30 33 99 21 32 56 88 6 53 26 21 2 59 74 35 38 14 82 12 22 57 9 60 62 85 62 39 24 46 96 66 33 90 38 57 43 65 5 52 66 10 58 80 72 57 82 48 2 31 79 88 96 40 74 68 86 93 33 5 49 54 77 1 86 44 46 8 80 72 2 80 11 61 14 86 32 15 59 65 22 20 18 4 7 90 64 10 32 77 90 40 9 55 4 90 61 46 64 79 47 65 12 95 83 75 48 68 11 37 22 12 96 55 28 5 94 56 97 16 92 74 30 41 60 21 72 56 
34 84 46 85 12 43 53 62 65 87 34 13 98 33 11 9 66 6 46 61 37 75 9 71 53 81 46 1 99 73 19 47 74 37 0 36 51 64 6 60 48 28 11 81 29 22 7 95 95 80 94 77 48 64 46 8 14 75 93 36 77 76 23 10 83 15 91 38 37 22 88 90 11 95 53 20 45 95 53 62 57 16 91 23 55 96 38 41 26 71 91 16 10 30 70 36 87 35 77 6 14 63 91 45 38 87 75 69 7 71 33 3 31 58 4 27 39 25 36 95 63 43 22 87 74 80 51 65 
41 47 22 8 70 93 68 42 93 4 28 53 71 19 15 8 16 65 47 82 81 96 26 78 13 8 88 39 95 49 87 20 11 77 47 31 98 84 22 95 72 63 45 0 23 82 75 68 84 52 5 26 53 57 45 74 62 79 89 99 64 86 48 88 87 39 83 82 16 89 31 74 92 22 56 43 17 2 89 86 96 58 72 93 84 69 81 14 90 1 88 87 78 39 1 43 55 87 76 83 86 84 29 58 13 28 88 32 49 54 52 57 93 18 51 15 8 40 78 29 20 80 95 20 47 35 0 4 
80 7 84 18 55 27 3 56 25 28 77 24 65 2 61 92 1 87 91 80 39 36 89 38 40 59 90 92 13 55 62 77 48 5 77 54 55 25 35 32 85 96 41 70 37 62 11 27 83 30 89 13 93 15 84 33 56 24 49 41 73 74 98 93 7 52 68 16 70 50 21 89 98 54 14 52 3 97 86 84 46 84 78 96 27 75 44 17 24 0 87 70 11 10 23 19 2 2 92 56 95 20 90 70 33 64 88 22 34 43 14 78 16 76 72 69 90 27 6 18 43 17 51 48 68 27 56 33 
32 26 57 93 85 58 84 20 36 85 59 27 15 95 71 37 37 81 70 92 62 22 2 99 41 72 95 7 39 46 20 60 53 50 39 22 49 32 37 46 35 13 12 87 63 54 93 32 50 94 3 8 63 95 71 91 25 55 85 63 64 79 47 73 24 47 97 41 39 7 58 80 41 47 95 3 50 94 73 82 90 31 16 41 99 80 91 24 1 31 84 92 89 74 66 95 26 85 63 53 17 65 93 11 48 87 85 62 50 91 11 91 93 50 67 15 23 21 97 68 95 75 2 22 19 3 42 93 
43 52 60 97 55 64 12 18 3 25 84 85 5 60 96 24 7 49 0 47 67 39 3 43 91 0 76 67 26 45 73 93 59 37 17 77 99 21 25 59 85 44 85 67 46 59 38 49 75 81 81 95 30 65 14 67 79 14 65 97 2 20 50 25 95 29 60 26 30 31 22 96 89 56 39 98 13 86 43 44 57 53 36 60 16 80 36 91 58 82 49 95 6 50 76 4 23 70 20 99 22 74 97 23 57 25 8 17 61 8 54 72 60 9 52 86 98 29 37 70 28 11 4 12 57 8 90 51 
71 68 36 25 10 92 98 83 67 15 59 97 77 80 0 30 65 15 95 90 81 2 35 31 82 86 27 1 36 82 42 75 27 69 99 37 0 14 10 6 52 3 31 54 59 72 25 5 25 66 85 40 16 0 22 91 55 30 87 9 14 21 4 19 9 73 96 31 51 89 47 43 67 64 97 33 33 64 74 1 72 71 8 8 78 70 21 23 41 69 10 56 36 20 39 11 91 45 38 59 49 91 26 7 47 19 63 61 21 57 40 48 91 41 24 12 27 20 54 44 79 54 5 19 29 50 17 2 
87 16 91 10 51 88 23 36 39 16 48 65 88 96 6 30 64 28 48 99 37 15 34 39 38 96 84 24 57 44 43 81 42 44 3 66 2 54 94 96 18 50 42 3 61 71 39 20 15 50 1 73 36 8 71 86 18 30 93 64 26 47 66 94 76 70 69 56 4 80 65 10 0 44 1 49 41 68 70 44 16 57 54 8 71 55 60 24 23 85 75 59 21 47 86 78 40 32 77 65 74 51 30 42 60 6 11 69 46 34 12 49 84 69 65 84 91 69 53 84 47 38 54 87 9 58 85 44 
2 24 77 31 87 73 49 45 85 7 72 8 19 53 33 21 15 62 63 81 22 80 64 35 47 35 36 90 68 96 2 31 7 75 43 63 37 62 43 30 95 34 68 3 42 29 3 45 74 32 36 52 70 72 42 1 79 57 22 96 96 71 38 15 25 87 10 21 16 49 57 55 38 87 59 57 53 42 15 63 81 1 93 39 68 77 29 14 39 7 51 84 19 6 38 84 83 69 41 6 99 80 74 40 99 91 33 3 46 92 10 81 81 9 43 54 85 86 49 67 69 58 13 4 84 24 98 45 
84 81 50 60 38 14 75 33 38 70 41 0 46 71 37 80 32 56 71 10 52 68 2 45 17 85 44 70 79 38 7 45 1 43 96 94 18 76 55 65 77 1 62 37 90 14 81 92 34 72 46 11 33 93 85 55 14 46 98 11 33 31 18 52 43 39 65 27 37 5 77 58 2 72 34 75 69 2 89 6 68 17 81 93 37 13 68 41 89 4 57 55 92 87 50 68 14 36 4 55 52 0 41 11 25 12 23 81 63 89 90 89 46 51 42 73 88 11 9 67 36 84 61 18 8 95 84 1 
8 99 9 95 19 63 74 82 5 24 95 52 95 65 12 53 91 81 78 90 27 53 30 16 65 87 58 20 27 21 14 23 67 23 82 99 43 29 61 89 84 61 6 31 84 33 69 46 12 74 62 86 56 22 90 8 29 46 38 61 49 27 1 95 9 92 15 56 39 55 2 80 55 27 40 41 95 60 99 68 93 94 1 2 36 4 78 17 50 50 96 66 74 32 70 26 98 33 68 63 80 85 34 73 98 98 12 81 28 7 22 10 5 53 27 16 66 95 70 22 12 23 97 88 12 71 78 23 
50 11 28 92 90 40 58 13 55 62 5 38 43 43 69 95 2 25 20 22 16 99 92 21 73 84 95 79 69 81 82 16 79 51 21 95 66 49 82 26 80 15 70 87 19 44 54 85 55 21 53 45 51 56 1 60 84 24 38 44 73 26 46 76 43 49 81 77 74 7 84 37 9 71 47 89 61 61 6 86 92 47 43 94 22 94 55 61 67 92 21 72 85 44 92 37 81 11 74 17 14 73 92 66 18 5 70 9 71 15 72 97 2 74 24 45 12 38 62 62 36 39 96 70 34 2 17 23 
1 49 45 7 86 7 28 9 76 13 60 74 66 62 52 99 66 85 7 42 66 67 76 7 46 57 40 16 89 99 50 57 83 51 17 29 80 34 76 8 2 76 14 96 99 94 39 90 5 47 9 72 81 93 36 5 13 44 28 35 66 14 11 77 14 26 51 37 32 49 44 84 11 50 9 93 35 61 66 70 66 41 98 20 11 65 28 93 31 9 25 57 46 34 12 44 16 47 70 56 81 67 31 25 55 30 30 72 45 85 9 89 46 5 0 33 62 93 88 82 51 28 89 25 43 25 57 13 
34 16 31 6 50 14 74 28 13 46 46 11 89 93 9 3 28 38 15 97 99 95 22 37 88 25 93 44 45 67 50 23 18 23 3 58 53 46 84 84 67 35 78 18 43 88 74 6 35 57 68 35 75 12 42 16 83 34 19 78 35 63 55 96 14 69 57 34 36 51 44 81 4 68 56 44 26 30 68 35 31 60 65 53 90 66 53 55 83 50 70 29 51 42 22 63 96 42 62 36 10 80 18 22 69 73 97 54 36 54 71 12 3 2 97 73 85 83 96 42 50 60 8 3 81 36 19 70 
26 41 51 54 54 13 82 62 43 58 20 5 90 4 39 33 79 77 53 65 23 90 32 70 16 11 43 82 84 29 43 90 41 29 98 14 84 21 34 57 24 10 67 53 99 92 96 74 68 32 22 67 79 8 61 82 83 76 73 73 94 66 66 71 30 69 39 15 74 71 87 45 49 83 24 95 37 39 22 33 29 89 31 56 36 85 72 9 34 44 93 15 40 41 40 94 1 81 37 31 61 98 13 44 7 29 4 81 26 21 25 88 54 33 3 51 56 15 85 37 21 54 36 7 88 15 98 7 
21 41 96 1 86 43 36 32 12 14 3 54 61 66 21 81 21 74 53 97 6 85 74 23 82 3 75 36 84 76 25 5 2 53 90 34 81 7 84 70 89 7 19 79 41 43 52 29 86 22 46 73 12 46 5 68 3 90 66 60 57 18 97 92 75 24 2 4 35 82 36 26 62 50 76 94 10 25 6 9 97 87 68 74 46 89 64 22 66 2 44 86 14 11 3 30 42 78 85 84 59 37 42 81 81 18 12 27 27 24 96 99 92 90 56 76 31 88 44 85 24 97 31 26 31 98 21 83 
84 21 79 45 92 78 14 50 59 0 11 48 57 17 59 61 15 13 83 39 7 47 45 95 56 27 45 41 23 58 92 32 61 85 35 70 13 83 24 6 93 41 28 81 75 30 9 42 8 64 22 85 18 60 41 32 95 92 52 76 15 8 45 2 8 63 85 27 91 35 81 46 60 89 96 11 9 37 69 64 6 39 87 13 97 35 3 95 55 6 72 98 3 38 62 40 52 39 38 12 21 98 79 29 77 20 9 14 37 10 91 78 57 7 80 10 39 57 20 12 12 15 91 64 75 42 29 76 
78 3 7 57 17 5 69 19 56 44 99 47 61 20 20 92 29 42 16 94 24 12 0 93 98 0 26 46 99 22 23 44 91 48 43 56 33 4 95 50 15 18 81 21 56 75 62 84 71 5 49 38 8 82 97 51 78 31 17 47 51 92 18 60 91 87 78 30 13 10 67 13 56 1 22 36 54 69 18 19 63 82 42 40 84 45 8 4 58 74 80 41 97 19 50 39 81 42 90 38 37 41 77 53 33 68 81 97 93 64 15 35 26 99 28 36 6 62 93 20 77 35 55 32 93 25 65 56 
77 4 59 96 95 92 5 88 42 55 61 0 88 99 29 1 47 84 69 8 3 86 87 0 10 3 1 57 4 15 81 75 12 71 87 5 91 61 93 73 33 51 82 52 6 24 27 47 73 66 81 73 21 28 25 4 97 88 68 25 15 7 35 59 29 86 2 8 48 12 56 6 12 62 50 8 88 75 26 69 41 29 25 46 17 64 93 31 13 79 95 70 99 65 59 87 58 12 4 26 81 49 27 62 14 66 89 55 99 76 30 61 45 36 29 87 34 8 29 29 20 70 72 75 99 30 72 26 
64 43 90 14 95 51 9 4 10 81 85 61 65 68 61 52 99 73 53 14 48 94 72 47 88 18 8 88 34 13 45 23 42 51 17 17 41 8 1 76 65 25 20 21 45 84 54 95 25 32 39 74 83 89 44 5 63 84 75 33 4 28 18 40 28 5 15 72 80 75 85 21 57 48 98 38 23 43 55 65 84 51 91 62 38 35 8 8 7 40 72 12 38 85 71 48 72 24 23 74 84 27 92 43 7 39 5 58 81 55 29 55 51 93 63 62 4 64 55 50 63 63 71 80 13 24 89 81 
26 21 67 43 34 95 10 92 23 19 31 33 90 99 79 47 38 72 29 46 68 24 14 47 83 42 1 13 65 92 95 11 84 33 37 94 5 94 61 10 18 41 61 32 1 26 39 84 5 56 73 23 7 13 80 29 47 19 52 0 25 31 46 78 5 63 37 6 6 46 89 71 47 49 77 83 39 89 2 86 62 53 10 40 89 99 74 1 21 12 14 79 1 15 63 15 75 16 39 12 28 8 22 38 81 98 82 79 4 17 38 40 49 20 72 92 12 90 68 29 27 0 93 34 53 59 65 20 
86 87 79 12 10 40 41 76 83 7 76 34 16 10 97 9 88 46 98 40 71 36 39 6 19 10 6 24 20 97 82 85 60 51 87 94 34 94 86 21 81 36 73 38 67 9 61 93 88 55 85 4 89 45 3 35 83 52 34 76 50 55 11 83 4 96 20 68 44 17 96 92 66 75 68 11 14 13 71 24 36 6 80 64 4 1 75 14 46 14 9 61 76 66 46 3 13 60 29 5 79 27 34 79 28 61 88 60 33 51 68 25 69 22 66 27 2 38 46 66 69 54 44 33 98 22 31 43 
0 70 78 89 63 32 51 85 36 14 4 40 82 11 15 65 68 8 80 56 47 58 42 84 31 37 28 89 22 79 60 77 37 8 14 69 46 1 12 88 15 74 60 12 4 80 57 69 51 64 26 74 25 53 16 54 57 9 79 6 7 50 6 15 90 4 14 26 82 68 82 17 74 27 78 78 20 16 8 42 80 34 35 15 0 99 14 89 82 98 85 5 93 51 26 13 18 7 73 52 47 23 15 97 82 52 81 0 99 80 7 69 42 16 4 77 72 99 30 43 73 28 16 32 78 63 11 10 
14 35 34 93 46 39 22 65 69 91 28 10 7 46 75 35 55 44 51 54 70 24 52 50 16 31 12 58 69 45 91 94 27 20 83 52 26 6 63 57 85 99 69 21 6 31 98 15 88 74 48 79 9 0 97 19 77 19 60 58 92 42 94 94 44 53 60 88 93 35 11 13 36 19 1 21 2 65 14 9 40 64 78 65 6 19 25 28 67 47 47 87 83 76 16 38 13 33 22 37 15 30 19 91 50 43 80 37 24 68 73 42 35 5 81 30 11 7 20 68 70 29 3 22 14 27 22 70 
86 27 40 13 73 51 31 78 72 68 68 79 45 71 98 67 63 18 24 63 96 73 40 55 45 47 5 78 87 71 99 71 12 65 36 6 82 60 6 17 36 36 77 29 24 57 72 65 92 65 98 27 37 36 2 17 41 51 14 73 28 78 75 35 15 36 65 47 18 9 98 94 18 69 63 13 5 73 15 38 90 8 62 4 80 75 78 45 34 96 74 81 44 97 94 18 27 54 36 38 32 44 68 80 10 22 65 54 61 77 76 88 82 67 46 45 33 26 88 72 32 56 47 63 60 88 77 16 
