72 12 87 31 25 91 46 63 20 82 85 68 40 90 6 8 54 69 35 98 40 31 17 74 88 33 29 44 62 76 23 74 72 28 83 76 32 99 21 92 67 34 14 60 69 17 17 36 96 92 95 25 76 77 98 51 22 22 41 47 64 12 32 78 12 37 35 43 97 88 56 49 65 65 36 68 27 80 10 36 29 47 87 75 18 69 98 76 41 31 51 42 80 65 5 59 76 19 78 78 39 68 22 25 46 59 81 37 14 79 37 95 41 11 35 54 90 11 37 60 80 18 35 28 37 27 99 21 
89 30 24 68 46 80 28 62 94 27 81 48 73 98 12 69 13 21 53 20 31 10 68 35 10 50 62 54 89 55 45 47 2 72 86 47 16 81 99 77 67 83 26 49 73 46 61 85 3 86 13 78 25 85 87 43 2 6 58 69 18 49 96 74 44 25 24 42 94 61 26 30 39 81 28 39 64 30 43 53 0 4 13 2 45 26 82 59 10 80 34 91 27 15 14 98 64 59 61 35 81 43 33 92 2 15 65 53 74 57 19 79 86 16 18 84 48 22 16 17 5 31 98 68 6 19 41 92 
87 79 19 14 95 15 85 70 25 23 38 67 59 37 20 3 76 53 72 14 5 12 63 42 79 52 2 5 76 82 84 44 14 63 47 31 57 44 32 36 51 44 66 5 36 45 63 26 95 87 43 24 48 25 31 37 86 88 29 78 46 67 67 40 56 55 24 43 84 33 62 54 22 75 88 49 54 47 90 25 71 93 61 44 51 54 37 34 40 68 4 43 27 81 39 78 98 92 91 60 33 89 78 11 33 37 21 54 63 24 92 42 49 9 27 60 47 72 76 54 53 53 20 3 53 81 64 6 
7 37 69 91 24 75 74 64 1 83 2 26 40 96 3 78 67 40 7 46 62 75 45 33 23 52 31 85 26 93 5 92 59 84 44 43 42 85 35 69 3 16 73 73 70 76 66 15 51 40 4 21 87 3 88 10 63 22 14 79 9 63 96 63 50 32 58 73 23 89 33 32 61 37 51 1 71 43 86 93 33 24 54 31 98 68 30 45 26 64 76 16 47 34 47 73 90 99 73 47 31 93 27 98 95 46 35 76 17 53 34 24 82 20 23 79 85 33 3 47 78 39 38 14 8 11 64 53 
72 57 42 30 22 80 30 45 77 9 52 10 34 12 23 31 29 63 99 19 25 71 53 89 17 57 3 3 9 79 32 87 33 7 70 65 57 97 16 6 37 42 94 5 50 75 34 30 10 50 82 99 25 22 7 17 71 24 11 43 35 76 16 43 7 53 40 60 7 56 76 71 83 22 69 15 82 65 25 27 67 9 43 50 90 33 3 57 5 63 62 90 66 66 31 15 5 14 87 63 99 27 89 72 59 70 64 53 81 98 19 76 78 24 17 70 66 80 31 90 40 70 33 20 98 88 61 36 
84 24 46 27 64 28 28 63 77 65 81 70 37 53 67 95 87 71 56 14 47 80 73 50 90 49 86 61 63 5 87 33 56 46 87 59 73 65 68 26 31 57 72 8 41 57 53 38 10 36 91 94 95 68 8 36 75 15 41 15 18 83 20 41 13 47 37 92 47 79 13 33 1 55 87 90 42 84 73 82 27 56 16 25 43 81 39 54 60 44 4 64 19 15 8 57 23 41 3 20 95 21 33 30 42 23 75 91 19 32 97 81 10 96 5 90 89 18 44 36 7 52 26 93 50 69 38 9 
25 70 72 97 20 22 20 26 38 99 36 20 25 85 50 37 95 15 93 27 36 19 12 57 3 96 49 94 51 23 31 61 35 70 60 62 97 51 16 16 83 96 98 14 49 68 17 33 84 37 66 39 23 42 53 88 36 39 87 72 14 16 70 10 98 63 93 84 44 25 12 66 3 71 78 88 53 43 85 18 4 28 23 74 1 5 54 38 37 18 88 42 32 57 77 6 48 77 91 41 35 72 16 24 60 2 96 74 24 97 69 16 81 83 59 94 93 37 13 56 31 9 36 44 59 39 30 8 
76 48 95 94 31 3 95 15 48 13 32 48 85 93 68 10 79 49 57 92 89 19 71 7 42 46 33 67 53 28 69 94 99 8 61 34 68 58 91 18 91 25 71 45 34 32 68 51 74 25 81 9 97 41 66 1 9 1 83 50 84 19 95 46 11 26 62 35 95 12 10 27 43 4 65 2 43 95 67 20 54 45 83 3 33 82 1 90 58 35 16 22 89 83 65 57 66 90 68 32 36 3 37 45 7 0 75 65 33 28 39 50 4 21 82 89 6 95 53 49 23 53 84 14 86 27 90 85 
1 43 1 9 39 45 39 64 35 41 96 84 25 78 34 56 97 70 67 8 22 77 95 35 47 12 21 80 23 9 33 0 18 97 86 54 1 69 40 81 92 28 18 3 56 30 89 25 69 54 45 19 82 86 15 67 76 65 2 18 93 1 76 97 71 59 64 95 28 9 62 61 51 69 63 64 60 17 28 0 61 20 1 56 35 39 60 91 53 3 65 42 85 51 87 34 48 92 34 44 81 4 5 2 89 53 82 19 83 40 35 77 30 2 74 43 50 11 60 98 27 34 41 50 34 11 45 71 
38 26 70 5 78 51 20 37 98 17 40 53 50 60 8 87 43 55 42 82 45 10 79 79 13 12 75 1 55 21 52 14 92 80 62 74 54 13 69 5 21 38 48 88 51 88 8 36 2 60 61 9 93 57 69 98 41 51 85 0 31 20 80 23 20 32 57 65 54 65 20 44 83 81 25 67 16 35 96 10 84 6 58 70 32 21 19 11 12 86 92 68 43 61 27 92 14 48 63 88 37 72 22 12 35 55 57 18 16 95 80 93 32 48 61 77 9 21 40 80 89 24 74 42 33 53 91 82 
21 55 58 42 33 38 14 90 61 78 32 96 11 79 77 84 57 7 29 63 50 69 96 34 80 80 22 94 99 64 57 51 9 27 88 87 17 31 70 29 1 22 53 21 47 97 25 57 39 77 35 90 66 83 37 49 72 46 63 55 55 10 51 29 24 8 51 11 91 32 60 15 97 82 69 1 77 39 12 14 8 10 47 41 17 18 87 90 38 40 68 4 27 27 11 15 63 66 30 80 24 37 65 51 32 19 75 83 98 93 63 93 83 63 53 32 16 55 42 41 24 36 21 50 20 49 32 59 
87 83 85 38 22 41 50 67 13 48 96 13 98 36 25 75 12 54 67 15 14 38 96 42 47 49 47 60 9 60 13 1 47 39 93 31 61 7 62 80 50 41 31 61 25 64 88 64 61 71 15 97 38 22 65 81 31 40 21 91 3 60 32 86 6 65 13 21 47 97 74 18 25 86 94 38 2 4 21 81 51 7 60 49 51 62 71 91 49 30 8 71 52 92 3 95 75 83 67 46 75 69 9 51 62 77 8 23 21 66 36 87 87 79 83 44 66 39 76 86 81 64 12 12 51 67 29 86 
66 7 34 91 65 37 35 74 34 65 92 49 92 38 23 60 24 32 53 55 40 24 46 1 46 5 93 2 11 36 21 27 44 13 50 77 93 50 98 52 24 92 12 88 62 8 20 98 75 79 95 65 21 88 33 80 13 71 34 24 20 95 89 61 5 24 52 63 25 52 59 37 72 89 86 78 91 12 92 18 2 21 30 51 83 52 20 65 17 97 48 3 57 83 89 14 51 1 75 70 30 43 4 90 68 87 53 53 69 13 17 99 64 55 22 41 37 72 3 31 77 26 29 42 52 44 18 39 
80 77 54 31 0 29 13 20 11 13 13 58 26 66 40 58 76 48 91 40 63 35 43 42 67 97 37 72 88 27 93 27 98 0 12 86 30 17 0 33 52 30 43 68 95 14 51 76 3 98 28 57 46 47 20 93 6 2 84 38 0 35 63 73 96 4 88 15 55 83 40 30 44 53 93 36 67 27 44 64 42 33 15 42 13 50 11 38 16 84 53 94 81 89 51 34 28 91 48 60 24 14 28 83 58 32 50 47 42 98 60 9 27 59 26 91 85 98 40 33 70 4 86 77 5 78 68 0 
75 83 95 35 35 83 12 86 19 82 78 97 80 5 42 3 9 97 66 87 59 2 63 83 64 93 87 98 95 58 91 93 86 98 42 42 84 42 81 36 91 32 89 5 66 33 41 17 74 88 41 6 72 59 6 31 65 5 70 78 72 30 89 67 2 49 1 82 83 76 72 49 19 73 27 75 72 64 55 12 66 92 11 17 64 19 89 52 51 49 33 36 75 15 94 69 72 82 71 66 0 68 61 34 50 20 26 5 87 35 46 4 74 60 48 10 55 40 16 84 1 41 52 55 10 96 68 91 
24 42 31 15 52 51 34 92 46 85 38 86 97 18 41 31 88 93 55 64 24 67 78 73 86 58 94 92 60 23 54 78 65 30 70 63 95 12 94 37 19 89 51 85 63 57 25 3 81 48 36 59 57 30 62 65 16 77 54 97 34 6 57 62 92 62 49 83 82 62 74 28 54 33 14 42 39 28 18 89 1 23 67 61 97 26 87 55 42 45 65 67 86 17 66 12 59 30 83 28 28 41 12 79 59 92 82 50 4 93 82 80 45 0 71 68 79 81 52 15 64 47 39 41 24 82 9 22 
94 47 22 41 82 54 49 5 76 41 77 55 8 74 90 10 56 18 93 14 5 96 99 48 17 25 17 76 44 93 73 94 49 1 16 46 2 11 0 90 41 99 83 53 78 46 27 7 87 83 45 22 48 97 57 56 8 55 4 31 9 7 89 33 28 27 51 30 27 27 73 42 91 36 83 79 76 49 12 54 46 35 46 2 28 47 22 79 45 14 26 78 14 17 29 55 77 33 75 64 34 96 28 64 10 55 87 21 18 54 8 70 84 62 99 93 93 65 20 9 53 36 2 17 83 71 69 80 
95 77 30 30 50 76 34 51 64 71 21 52 69 87 90 56 7 96 71 51 44 54 99 87 23 95 57 55 6 21 59 90 22 77 26 79 0 2 12 15 14 7 70 30 5 46 10 19 19 80 34 66 81 4 41 59 70 67 13 26 9 45 87 36 18 19 0 29 71 92 97 13 48 59 20 94 71 84 81 29 6 67 72 79 40 90 93 23 36 41 86 77 51 57 88 59 38 98 32 68 23 38 81 67 57 16 53 85 94 80 38 69 79 34 59 12 36 39 36 80 84 97 68 60 82 6 20 69 
13 94 45 65 63 0 20 79 86 31 83 76 0 51 19 80 87 97 22 21 5 52 97 39 7 77 24 84 99 17 42 5 88 5 65 79 82 33 68 13 30 55 69 44 20 45 69 41 15 59 90 14 36 12 5 16 89 12 37 76 90 20 65 94 61 43 27 13 16 4 66 71 40 49 90 84 69 70 83 90 81 37 6 21 18 24 77 55 35 39 59 75 18 32 11 54 53 83 83 77 2 51 70 75 6 1 12 26 3 55 75 85 73 31 21 74 78 10 75 87 57 40 80 59 37 65 41 4 
78 49 37 19 45 67 18 15 95 72 75 88 85 99 45 86 82 83 46 67 8 50 93 57 52 23 95 94 94 45 64 60 97 78 51 9 46 23 73 26 67 12 77 29 14 2 69 86 74 47 18 18 17 19 15 13 2 0 38 24 31 73 61 13 55 57 0 81 92 99 7 81 69 96 71 93 83 34 11 1 28 1 99 61 47 77 75 91 60 97 49 55 20 85 73 32 93 44 35 94 75 28 22 79 67 80 64 31 80 99 25 2 90 72 23 0 66 85 2 59 23 36 90 81 73 62 27 6 
79 61 25 74 92 24 67 32 8 83 84 73 98 24 13 83 56 72 65 66 22 59 49 22 48 72 57 62 64 77 13 77 92 44 95 13 5 0 2 51 37 39 71 80 64 16 95 74 58 39 11 10 98 75 25 85 52 13 98 39 33 33 59 90 22 66 21 27 41 1 14 66 59 82 96 57 88 1 20 28 10 70 34 75 85 67 46 72 32 9 34 15 56 90 32 53 17 88 6 60 16 71 27 84 91 20 29 9 41 13 18 81 53 15 30 20 2 5 43 59 13 85 73 41 45 72 64 4 
76 22 66 93 27 91 2 32 55 25 66 63 72 73 5 48 34 14 29 31 1 54 74 59 46 30 82 37 53 30 64 92 67 26 82 36 94 31 3 74 52 31 93 51 88 84 90 82 96 48 28 66 30 13 34 47 18 13 56 71 1 13 98 32 3 58 23 18 11 10 87 39 31 41 31 78 87 76 16 35 99 42 48 52 34 8 85 48 49 84 85 26 89 99 87 24 79 15 16 62 34 55 25 63 35 2 75 3 99 5 26 29 32 38 83 4 78 74 45 44 38 72 26 3 3 74 80 75 
80 38 18 19 51 53 22 65 81 7 60 5 67 94 25 41 33 87 92 14 53 77 54 30 26 45 99 36 30 90 81 81 34 21 48 23 61 75 22 16 82 33 26 38 84 97 30 37 10 10 21 76 71 38 67 26 78 6 24 52 52 59 42 40 31 80 29 88 63 4 0 9 4 13 13 87 34 66 20 43 29 91 75 70 33 70 36 75 45 99 65 0 80 53 92 69 70 78 50 44 84 49 1 18 49 51 70 77 34 32 82 10 46 86 84 80 17 50 73 16 52 15 75 58 66 97 84 47 
96 4 10 87 2 71 46 72 68 89 36 59 92 43 54 2 40 21 23 74 25 17 43 32 95 0 98 38 17 74 40 13 9 41 13 23 48 7 76 49 82 10 99 24 61 51 75 43 89 78 46 85 19 49 70 50 90 76 10 99 90 48 70 47 59 6 86 7 93 85 66 36 51 10 42 4 15 95 96 54 94 23 73 64 72 73 82 10 69 73 38 98 53 36 21 89 50 96 96 21 49 5 45 50 80 24 41 96 70 16 82 87 41 58 70 48 67 21 42 8 64 45 37 93 81 56 2 19 
49 93 99 95 55 30 20 1 1 13 3 28 64 39 11 65 82 52 46 90 11 0 15 80 65 49 13 90 0 74 98 69 85 28 82 46 9 93 84 83 80 46 85 36 32 55 72 65 77 51 66 82 26 58 99 94 18 72 80 29 45 57 8 55 30 80 56 68 18 46 21 33 29 90 45 92 16 31 0 16 80 86 76 56 79 44 15 21 9 37 3 19 27 41 58 31 5 49 75 37 11 59 97 3 7 80 95 67 41 75 50 79 26 7 94 81 77 5 10 84 80 4 27 55 77 55 88 29 
19 70 78 11 10 90 91 46 22 15 45 80 65 89 99 26 93 25 38 39 12 70 72 64 15 29 66 41 7 20 92 75 7 62 25 35 36 81 64 20 27 52 64 89 54 62 69 44 80 41 94 74 65 2 16 77 55 91 97 85 95 30 29 61 73 30 31 27 99 28 32 66 77 94 1 56 92 44 21 83 21 85 82 77 51 2 29 85 36 43 44 67 89 45 38 68 98 2 95 54 76 54 12 61 38 17 49 92 54 88 70 4 79 5 97 18 75 88 91 49 16 58 4 28 6 46 98 71 
0 25 60 67 17 76 4 25 9 10 63 60 44 77 62 20 45 62 7 42 20 74 56 70 23 85 33 16 70 87 9 56 8 23 6 13 82 47 79 90 50 97 12 62 48 93 14 16 76 20 17 10 88 64 58 16 91 64 59 87 19 55 68 69 56 35 22 32 33 29 64 25 74 87 51 58 35 72 92 27 42 99 78 64 30 29 32 59 59 59 26 56 19 59 39 84 54 70 76 69 55 88 76 76 87 7 63 90 10 98 16 42 21 1 83 60 15 43 83 13 44 61 12 28 87 85 56 67 
17 58 74 73 94 51 31 26 34 0 85 18 91 4 56 26 20 78 54 99 43 25 8 84 80 74 44 45 65 25 48 93 39 77 46 21 43 93 57 20 40 54 16 47 93 55 15 61 49 88 93 43 74 79 22 1 82 52 23 13 91 73 25 31 33 54 5 83 51 25 97 96 72 56 0 76 53 24 97 67 9 89 58 78 97 19 32 18 60 28 58 13 66 24 81 4 75 55 77 44 77 95 24 35 85 43 37 5 58 64 73 2 85 59 75 14 44 25 37 68 42 5 18 20 89 25 1 51 
62 67 62 91 57 95 73 52 61 62 97 67 38 90 59 98 44 11 86 86 11 95 37 58 0 92 15 9 85 19 26 71 87 22 82 57 57 54 10 38 93 32 11 10 62 71 48 64 56 65 94 17 16 59 60 8 71 65 56 62 23 90 93 34 31 27 99 12 68 2 41 85 98 19 98 28 31 28 5 10 25 84 58 6 58 51 16 49 23 56 97 2 92 17 57 69 36 1 36 11 39 52 36 41 95 84 44 81 28 25 97 71 40 19 92 5 72 90 25 51 64 13 32 43 70 33 70 46 
81 8 80 79 46 41 23 38 76 0 35 36 77 6 94 31 70 42 45 16 28 35 71 3 99 33 39 41 86 48 40 55 55 41 61 13 16 46 93 78 37 82 83 81 82 28 87 70 88 49 11 43 99 49 86 97 59 77 20 58 19 61 51 70 47 86 27 75 33 95 31 49 98 3 85 65 68 1 43 68 51 43 6 24 67 27 52 68 99 22 14 88 1 56 69 4 22 59 60 7 24 73 16 4 16 7 81 67 5 55 13 94 70 74 84 38 1 60 43 99 26 66 92 82 39 26 65 34 
81 49 68 48 14 12 55 19 56 37 9 32 52 21 47 60 58 44 20 36 97 53 97 62 45 37 22 60 1 89 59 2 1 68 1 92 79 48 67 99 70 90 67 13 89 17 0 39 46 6 1 85 99 98 87 28 56 87 38 26 86 70 87 47 61 70 58 39 82 66 58 79 57 50 71 80 56 8 90 64 25 23 19 80 6 93 90 73 58 42 38 58 20 7 45 46 55 67 3 3 32 55 34 97 34 36 85 1 2 25 55 58 94 17 81 34 85 70 98 68 53 82 0 20 95 52 22 46 
71 10 88 62 80 87 95 65 29 79 16 78 2 61 88 63 17 90 75 66 12 36 63 15 76 68 53 68 68 6 6 67 18 87 44 26 65 75 74 53 50 61 26 86 64 79 74 74 2 75 26 25 67 19 84 86 55 51 45 16 34 6 65 31 10 53 7 22 41 76 43 55 25 0 67 59 56 66 17 59 49 98 79 16 64 0 53 0 45 92 87 21 41 41 85 71 90 16 97 7 76 58 93 54 65 89 91 98 72 70 34 40 44 45 41 23 29 81 78 48 94 48 21 53 80 23 43 42 
94 50 63 78 97 88 98 40 24 5 26 41 11 19 22 91 64 43 34 99 48 17 12 60 37 13 67 98 99 97 88 70 74 36 76 47 33 90 42 37 30 48 87 39 4 29 66 19 25 27 55 3 7 6 86 30 11 3 74 14 69 48 30 52 76 73 19 7 55 19 99 10 52 96 59 40 83 81 92 67 12 65 76 92 96 16 72 15 12 1 99 3 27 96 70 15 72 69 11 19 95 26 76 29 51 38 37 64 7 42 52 76 93 91 37 48 61 59 53 79 58 16 23 16 33 97 11 16 
74 18 95 84 20 96 34 10 50 74 53 94 32 66 10 32 90 11 97 12 33 20 81 94 77 68 47 96 61 67 42 60 92 50 81 46 75 0 47 44 82 42 13 74 47 90 42 12 80 27 63 31 13 93 6 21 66 50 5 67 24 12 60 97 27 83 30 88 24 97 92 71 5 50 46 39 66 39 54 60 19 11 25 91 0 26 27 76 15 91 2 21 76 37 84 80 3 84 64 99 6 90 28 9 47 75 10 97 53 41 60 7 33 37 89 47 40 40 95 5 60 82 24 71 67 99 79 86 
3 37 81 12 64 32 58 12 60 5 44 89 30 88 90 87 74 6 14 55 57 76 62 77 67 23 38 42 60 81 77 60 58 73 9 76 91 42 96 7 74 24 4 32 44 24 26 38 43 66 89 50 60 22 60 90 40 59 39 41 58 95 98 78 68 11 98 37 85 62 42 75 47 88 27 11 43 59 4 77 50 43 96 85 55 54 52 0 9 85 74 95 51 45 86 56 89 39 10 49 98 14 34 40 90 42 17 68 96 3 50 16 65 67 61 49 13 36 40 63 96 75 3 75 8 23 24 56 
9 69 27 37 12 87 54 97 45 59 49 4 63 89 95 47 59 56 23 56 58 43 73 94 59 44 29 7 64 30 0 81 97 66 61 16 87 13 17 42 13 70 3 92 9 31 18 25 23 88 35 75 58 0 7 44 77 37 83 21 88 28 68 28 5 4 64 66 44 98 8 70 78 7 18 99 85 89 28 8 28 33 14 92 61 46 36 51 30 49 57 94 13 67 21 3 27 78 47 22 38 93 36 0 0 2 15 59 80 62 17 39 84 61 4 28 34 59 22 15 31 5 19 32 62 68 84 12 
19 74 1 33 59 2 65 72 14 44 94 74 52 35 37 53 0 6 46 91 69 9 77 21 8 34 16 89 48 89 91 29 40 5 27 75 36 23 96 40 92 37 57 19 53 99 47 4 30 44 61 22 22 8 26 92 41 59 65 23 71 96 18 39 44 92 3 23 87 90 37 0 49 42 77 83 72 6 31 45 76 31 38 2 99 47 18 0 70 97 1 57 14 36 97 61 5 40 58 21 81 48 47 14 21 66 81 69 27 75 40 30 76 31 88 99 63 78 62 50 1 78 98 15 54 46 86 49 
29 24 80 84 61 38 27 93 88 32 84 49 78 68 71 57 77 38 53 21 19 2 15 85 41 39 18 43 23 64 87 92 88 88 82 7 55 74 61 14 64 48 28 72 54 20 72 18 46 19 73 90 95 95 20 94 46 88 67 16 33 76 53 45 92 92 40 65 47 32 27 20 86 54 18 27 34 4 57 72 72 43 46 70 73 5 20 29 17 52 49 94 98 84 12 37 84 75 46 8 83 15 40 30 42 32 41 62 43 87 26 27 59 13 20 14 54 93 49 45 52 55 86 76 93 51 0 37 
10 48 65 18 41 8 21 36 30 27 19 63 53 42 83 68 0 7 14 18 31 37 65 36 65 97 76 3 14 94 60 72 46 67 3 16 6 35 39 68 6 10 3 89 17 41 98 48 43 64 84 77 38 14 12 40 4 53 92 38 18 4 67 18 99 24 84 7 42 76 5 99 14 94 81 34 96 73 68 28 1 84 0 57 64 42 68 26 99 57 60 21 42 1 69 83 31 40 26 17 38 90 81 93 76 18 62 20 43 52 30 23 12 19 16 47 47 92 25 8 33 66 65 82 7 63 68 42 
10 37 95 4 94 74 15 6 59 77 70 9 1 16 70 87 16 79 67 21 36 64 51 36 91 15 31 19 61 74 26 68 22 24 19 42 25 46 93 57 4 81 28 26 59 10 9 79 27 71 80 80 89 64 21 69 89 83 13 14 48 17 29 19 28 77 44 23 26 33 39 99 87 19 78 91 54 21 86 32 21 4 2 99 92 14 93 81 42 92 2 41 22 32 32 84 38 99 39 98 38 90 14 95 51 6 74 9 4 48 30 85 30 18 70 76 14 76 25 71 41 57 32 47 85 32 81 5 
72 34 16 0 69 76 62 47 53 74 5 78 50 16 6 87 94 12 63 1 27 1 54 2 66 47 90 7 82 0 79 31 14 83 61 75 55 60 19 8 46 42 21 39 36 42 64 56 57 41 53 71 26 67 71 98 7 65 94 35 60 38 67 3 63 11 6 98 89 22 93 84 91 32 45 95 77 19 44 34 12 31 61 86 87 11 74 35 75 29 57 1 59 68 4 6 74 31 45 98 4 34 79 13 5 56 94 90 93 29 38 25 10 19 1 47 56 69 95 47 28 83 16 17 71 40 25 15 
11 17 85 11 11 89 96 47 47 93 25 28 56 45 3 80 82 1 98 49 69 64 58 59 10 99 60 6 36 67 9 0 80 80 13 99 0 75 99 53 26 29 63 62 37 21 75 5 45 94 71 79 35 91 14 89 17 79 11 72 59 54 50 38 31 76 54 73 93 90 61 8 11 20 75 97 63 29 68 75 6 96 95 31 21 37 44 51 64 63 79 47 36 76 44 46 54 91 37 71 31 95 57 96 45 83 82 8 12 42 0 2 67 90 7 22 17 4 6 31 7 20 79 43 74 44 81 68 
96 16 97 51 54 12 63 28 74 16 32 93 25 4 0 7 84 20 86 89 82 94 6 38 15 17 83 18 49 19 78 53 44 50 8 58 29 86 3 72 1 7 35 33 34 20 42 12 96 62 31 92 50 4 67 69 94 16 47 39 45 78 24 42 89 59 8 39 82 36 5 9 55 74 74 1 34 68 38 25 79 28 99 25 53 72 1 36 36 11 20 33 68 54 88 79 33 71 67 72 8 21 70 81 38 61 28 90 79 85 34 38 25 50 47 69 35 12 67 56 47 86 70 77 37 70 63 50 
49 75 50 31 88 0 61 22 77 22 1 61 48 61 58 2 17 17 26 49 71 41 56 95 79 69 9 83 81 91 70 96 68 54 48 38 89 10 98 59 53 61 83 25 38 13 4 45 10 8 83 5 74 6 70 94 36 89 51 47 66 66 81 69 83 19 91 81 75 53 18 2 19 89 83 71 73 22 36 38 68 19 81 62 53 21 51 78 96 54 62 32 64 24 86 51 77 18 82 21 43 82 94 27 6 7 4 70 73 73 46 30 90 14 16 86 36 33 21 32 99 76 63 9 32 34 47 32 
29 41 72 62 27 48 68 50 21 89 42 40 42 90 42 35 58 58 34 12 58 67 26 12 43 2 38 47 42 75 21 38 99 37 95 34 14 28 59 47 7 99 20 20 49 63 33 94 29 33 44 61 43 42 15 59 93 2 28 27 47 50 29 67 8 63 66 50 45 94 18 67 90 93 94 0 80 58 58 75 59 43 81 14 45 63 17 32 48 11 9 77 13 3 58 5 24 7 59 53 63 27 30 56 30 58 97 79 56 99 22 10 32 58 10 54 79 98 99 95 35 43 54 39 53 40 56 32 
98 31 15 89 43 23 8 96 56 95 80 71 84 25 27 9 18 21 84 18 8 31 54 99 4 40 28 6 68 66 71 38 37 50 30 90 53 29 12 63 95 68 10 72 8 73 90 88 28 20 97 25 4 97 38 27 73 93 7 86 21 28 58 71 7 54 61 99 16 95 23 88 42 74 76 27 30 84 22 26 58 3 73 7 99 21 61 94 69 65 59 45 93 94 40 68 27 37 90 12 60 67 94 87 97 52 56 69 41 33 22 81 93 64 64 15 22 15 8 47 41 69 51 11 3 12 13 2 
99 94 0 41 36 37 31 42 75 28 11 9 11 72 84 82 86 83 69 40 87 13 33 75 85 68 90 1 63 34 65 99 9 85 54 65 53 51 22 60 58 6 26 8 71 49 90 38 89 46 45 9 73 97 68 55 48 53 26 94 58 62 20 85 92 36 27 29 51 22 51 2 42 97 1 9 53 17 48 84 22 37 70 13 78 52 5 87 52 25 78 91 68 22 68 66 47 21 63 63 51 53 19 40 39 91 37 98 43 42 5 30 41 32 86 74 68 4 28 65 77 46 14 65 75 52 73 49 
6 8 87 4 34 59 61 97 94 92 48 57 95 90 4 0 74 34 0 75 72 50 25 83 49 26 23 78 75 20 17 22 21 90 94 83 45 87 56 9 19 27 12 24 36 62 94 48 11 12 30 70 13 70 82 0 20 46 72 53 13 11 39 51 43 2 39 46 19 66 85 59 25 28 17 77 69 30 30 62 93 63 41 35 93 81 48 46 65 52 25 78 89 79 95 54 9 15 19 11 85 81 58 60 96 69 11 4 62 91 97 55 73 51 46 52 48 47 48 21 49 64 84 94 0 89 53 52 
75 51 52 50 56 31 78 10 34 63 4 6 64 27 57 29 88 35 71 4 79 42 54 17 45 14 98 52 86 44 2 26 25 4 23 94 81 73 12 97 15 87 86 4 88 24 46 30 3 37 45 98 20 22 3 1 59 52 6 17 74 55 60 10 40 59 90 28 35 23 64 79 77 8 75 47 6 33 51 23 16 2 67 47 89 9 95 17 82 99 45 3 52 97 7 17 11 28 43 50 26 53 20 37 1 59 71 88 67 57 29 21 52 65 38 61 55 97 44 35 23 31 63 85 87 16 26 20 
95 11 94 93 70 54 42 84 44 68 32 23 89 29 83 73 98 91 48 28 52 11 89 12 65 48 42 56 62 87 52 2 26 57 13 59 31 78 36 97 42 83 2 79 94 86 82 71 95 50 28 35 11 85 64 74 40 54 89 84 45 29 94 34 24 75 87 85 24 27 38 38 3 47 81 30 23 72 80 38 32 70 42 35 78 71 99 50 67 32 17 68 13 88 6 92 79 38 92 67 46 29 45 7 54 24 89 63 47 93 89 16 22 6 78 49 89 30 76 66 8 60 94 32 71 89 6 17 
91 93 88 54 31 93 35 37 50 46 82 6 55 8 66 31 61 65 25 88 44 31 81 8 23 24 70 82 17 6 53 29 6 3 54 74 0 1 15 36 97 33 77 7 24 8 49 41 14 84 24 55 6 57 65 7 61 25 31 56 68 78 64 2 46 17 6 7 30 56 52 88 37 90 55 59 97 43 69 6 7 39 77 40 26 71 25 10 98 26 58 95 78 53 53 80 18 67 29 25 13 23 54 38 16 72 32 54 25 67 43 11 63 95 61 9 72 86 9 90 82 96 84 13 15 5 45 15 
54 94 23 41 76 37 33 68 88 82 48 61 73 72 61 30 65 79 32 42 95 84 28 6 23 72 70 64 58 4 71 95 19 26 3 11 4 81 35 68 8 29 72 64 17 11 61 18 64 31 72 37 54 39 59 49 66 19 82 85 43 51 46 71 23 84 42 31 34 41 70 29 78 40 30 1 47 89 1 3 91 56 46 65 65 3 13 0 37 56 25 61 54 21 91 20 94 4 0 13 73 95 10 1 45 82 60 19 25 86 87 4 26 62 65 71 1 36 40 3 86 21 86 75 6 89 54 0 
89 82 75 62 6 0 82 40 7 96 61 32 42 98 53 66 24 35 63 22 41 84 91 54 84 9 8 6 64 57 81 15 80 71 70 20 18 0 73 76 22 4 48 6 66 29 84 14 21 15 99 7 85 91 69 59 59 80 12 5 26 2 18 92 48 78 97 62 87 4 69 89 8 28 36 97 1 69 21 61 95 88 14 15 35 29 1 20 64 86 31 24 35 25 13 21 46 85 41 14 84 38 68 19 24 34 26 39 45 32 28 2 72 35 78 96 4 64 64 81 27 68 29 23 22 44 0 56 
36 86 47 57 7 81 85 95 30 10 15 56 31 98 56 16 98 48 25 0 94 18 69 6 40 15 71 74 25 12 49 85 50 55 2 72 33 99 76 78 29 62 21 40 0 20 59 55 95 92 93 16 72 62 97 85 3 55 28 59 47 32 15 41 87 41 13 96 1 63 38 36 98 97 47 46 34 17 96 24 31 34 22 25 59 31 57 78 46 11 25 6 60 40 33 86 21 58 73 56 1 0 97 26 20 19 76 36 55 84 27 0 95 86 78 4 45 3 40 46 80 21 66 45 26 27 34 38 
1 56 62 93 16 13 49 39 57 34 78 70 52 83 86 60 80 96 2 9 26 59 68 20 26 31 15 52 24 39 18 4 94 73 61 46 22 17 40 44 12 90 3 70 40 73 88 88 41 41 0 15 3 97 35 76 71 87 51 72 69 37 8 9 1 23 65 3 22 2 55 72 55 36 14 35 28 27 23 59 19 94 44 82 65 33 97 46 28 16 17 55 10 94 50 4 98 49 95 67 45 43 20 71 10 69 52 43 69 29 52 79 72 8 46 76 41 19 27 50 75 66 5 60 49 29 24 6 
51 12 56 21 47 26 1 77 24 80 95 17 18 5 77 24 53 74 82 82 21 92 75 14 83 8 28 81 26 9 69 20 54 76 58 1 28 34 60 41 73 6 89 33 61 40 19 3 15 1 81 70 97 78 76 38 89 76 21 57 28 52 71 25 41 17 49 16 46 28 1 34 90 55 39 5 16 73 85 68 26 96 48 67 94 26 75 1 62 4 60 27 30 18 68 84 84 91 58 20 50 85 43 71 12 33 28 28 32 97 62 80 75 56 69 89 12 19 36 66 3 9 43 54 5 34 58 56 
46 93 27 80 95 93 17 96 63 80 97 73 93 32 36 51 51 77 13 87 97 1 39 58 19 26 41 51 24 22 92 35 19 40 8 17 49 92 38 0 12 65 66 47 23 71 8 60 30 83 73 37 78 28 97 2 3 98 61 89 19 32 14 96 93 19 47 38 59 32 58 67 14 38 61 7 99 22 91 51 64 53 10 92 21 14 68 13 89 17 43 3 46 97 73 92 42 12 26 51 56 1 98 61 41 64 96 82 41 37 40 59 87 56 75 5 93 4 24 37 12 32 87 68 35 18 35 92 
50 27 86 49 67 95 81 77 93 77 60 34 94 76 3 96 82 67 54 91 16 71 97 23 81 81 5 61 47 6 43 38 51 94 32 95 83 91 33 2 20 16 74 74 65 12 45 68 65 38 78 17 35 45 8 77 59 82 50 1 0 46 50 21 83 2 8 95 51 11 70 48 44 83 21 78 39 9 59 6 75 68 9 73 11 32 6 88 73 94 84 77 44 95 4 6 77 11 88 13 41 0 86 25 11 58 37 66 0 85 15 15 14 43 48 46 80 0 60 4 94 96 46 2 30 21 6 5 
81 55 53 53 84 18 72 89 48 90 36 32 5 65 25 78 43 26 97 78 33 17 39 81 15 87 3 1 54 73 36 36 76 13 47 6 97 24 5 51 34 52 18 20 27 78 1 53 62 24 23 25 86 96 11 62 97 15 38 0 77 66 16 21 79 36 26 95 85 49 51 32 12 77 50 22 93 9 40 6 62 20 42 99 52 84 14 8 68 60 40 7 94 96 3 60 98 29 57 57 8 97 81 33 33 41 46 51 9 27 14 69 43 77 38 79 18 44 47 73 48 62 8 39 74 25 81 45 
66 45 28 86 48 0 77 95 37 1 49 78 62 90 47 52 57 95 85 89 30 25 48 95 39 5 3 49 51 56 18 53 63 45 62 69 83 25 88 5 26 94 90 25 14 43 75 25 51 81 74 51 56 4 37 70 20 4 2 90 91 40 9 73 75 85 79 1 58 92 27 84 58 56 62 23 54 9 86 39 94 65 80 95 72 57 74 38 50 20 81 15 92 25 72 1 46 34 68 4 19 86 43 22 41 76 47 69 68 91 2 5 92 84 14 75 59 61 70 78 60 13 6 76 38 35 1 24 
9 84 60 90 76 49 23 18 28 36 49 43 43 34 10 51 17 38 40 31 84 74 87 6 19 10 89 27 6 16 30 52 46 80 14 61 78 5 20 9 92 22 11 42 88 66 30 67 47 77 94 51 95 2 56 58 19 18 15 14 58 52 15 61 30 1 73 29 65 63 75 88 8 87 21 28 49 75 97 36 41 56 84 95 80 83 84 36 86 64 65 40 7 17 86 20 92 15 45 28 2 1 4 92 9 13 63 40 53 18 66 44 35 11 2 91 76 2 54 98 72 33 37 94 56 6 54 95 
92 55 40 53 72 74 95 35 93 52 17 93 9 22 36 70 28 22 28 57 75 35 55 54 17 70 8 55 96 54 17 58 30 35 67 20 11 14 89 91 50 81 42 78 87 42 77 48 34 64 80 27 96 23 72 37 79 67 83 80 65 16 87 15 36 38 86 94 18 92 99 28 98 62 14 99 55 46 21 12 8 78 1 83 62 1 77 29 7 41 21 13 65 85 95 79 95 66 95 43 77 34 33 62 17 62 37 23 51 64 90 56 24 71 39 61 22 81 1 22 26 30 8 22 43 7 62 79 
29 93 81 17 30 53 13 53 88 21 12 7 96 3 30 68 64 13 5 17 28 59 55 99 87 71 47 75 84 76 49 83 66 60 12 82 32 67 75 53 52 16 0 11 69 63 87 40 15 92 36 77 76 86 53 23 42 75 76 17 76 27 13 39 83 68 30 23 95 75 20 13 37 99 38 52 95 5 56 6 7 59 63 7 3 29 92 60 28 72 78 72 19 58 92 9 41 7 48 2 8 91 74 86 67 14 63 21 19 63 37 38 0 96 4 85 39 37 1 23 43 39 82 28 7 30 32 6 
61 59 7 42 83 7 74 48 15 41 46 97 1 16 77 20 87 83 77 83 99 2 98 27 78 16 20 28 64 16 45 12 74 50 98 67 30 9 3 72 87 63 82 15 94 12 43 85 28 10 49 3 51 10 48 74 35 31 38 86 48 14 96 72 57 24 58 20 33 92 85 93 7 28 75 55 97 3 32 86 33 25 55 75 57 79 57 92 89 23 45 67 71 8 61 83 35 67 90 26 20 29 50 72 55 22 47 79 20 38 70 93 16 32 16 27 2 70 30 58 62 11 14 82 75 58 48 22 
99 71 5 32 29 95 68 76 47 83 70 45 15 37 91 87 57 1 82 67 33 43 92 87 62 93 38 61 49 1 27 99 37 46 23 9 7 47 8 18 97 4 4 97 12 49 74 20 38 33 38 65 34 2 3 17 6 40 50 40 57 25 60 55 97 38 52 54 14 45 42 8 43 55 32 8 26 55 3 84 0 98 93 37 45 15 7 75 15 59 3 65 79 97 58 90 8 85 31 74 41 51 95 37 66 42 29 64 38 17 80 18 12 61 38 97 32 34 58 51 47 54 37 7 86 56 63 89 
54 84 2 77 17 0 80 63 58 97 43 65 89 38 43 15 82 38 69 36 0 19 65 70 62 99 50 41 83 26 64 52 7 66 98 44 73 3 46 4 63 22 68 47 90 74 27 53 93 48 36 38 76 20 18 73 8 72 50 82 97 7 72 31 59 55 29 24 77 97 86 61 26 24 63 7 51 68 32 88 11 66 87 68 58 12 62 74 89 99 39 50 81 31 28 73 32 93 27 43 86 26 51 53 83 26 34 97 16 50 55 85 41 50 46 92 74 81 71 50 55 18 1 56 97 31 71 85 
8 16 18 17 78 30 62 2 13 89 45 25 95 41 5 59 39 79 82 23 38 41 95 93 49 51 70 77 99 24 29 37 27 33 61 93 28 9 47 83 29 44 19 71 67 79 57 88 52 80 78 58 57 79 76 48 97 50 53 40 32 77 82 10 78 8 39 7 29 54 10 46 59 64 42 50 11 41 1 96 43 97 73 8 87 63 63 68 12 22 60 34 27 82 36 60 26 98 81 62 32 51 47 18 95 68 35 58 35 13 65 17 78 44 12 13 21 69 33 29 18 24 38 83 85 65 34 32 
37 6 6 10 32 15 12 62 97 80 82 51 61 21 56 21 88 36 84 31 68 40 98 12 10 62 3 16 29 93 44 49 59 29 14 43 6 60 5 17 42 26 64 27 2 46 22 85 55 51 65 32 73 64 20 64 18 8 63 39 99 68 50 9 7 34 88 85 34 44 17 90 53 10 15 84 70 92 76 43 41 24 69 85 13 94 40 31 39 73 13 48 13 10 50 13 65 63 3 96 73 29 19 20 17 14 24 0 17 74 96 16 75 96 87 68 0 72 28 73 66 14 92 24 86 62 44 54 
12 46 84 73 94 39 92 72 50 64 78 6 62 36 75 43 44 52 89 82 4 8 96 32 92 35 41 82 11 22 83 20 32 30 87 70 34 64 75 81 10 87 19 46 86 14 94 4 61 8 67 22 13 54 45 3 26 89 73 59 57 12 77 78 0 41 38 95 49 86 81 40 35 57 79 7 85 80 17 69 94 58 52 41 9 66 25 4 95 61 24 32 8 15 99 73 63 92 62 11 50 35 4 38 20 33 75 58 52 21 29 45 26 68 22 67 48 30 60 61 42 43 55 36 98 63 66 86 
92 81 32 52 47 17 78 54 64 74 68 12 70 38 52 61 24 84 86 82 26 73 16 73 1 22 98 96 89 24 3 59 1 68 57 21 76 1 81 82 31 58 93 56 65 62 66 92 43 40 58 97 80 3 96 28 48 45 47 45 71 43 21 90 19 87 14 42 76 25 53 93 16 59 38 18 58 29 89 65 70 17 3 87 32 43 4 43 49 46 63 41 22 99 48 22 38 5 76 69 11 2 95 22 66 13 84 43 29 81 88 94 44 92 81 33 41 23 78 41 14 61 75 8 74 13 89 34 
89 42 38 15 28 44 41 28 11 68 46 30 32 43 5 93 10 18 36 93 89 36 23 72 37 28 76 60 62 90 34 76 49 14 35 96 59 9 75 67 27 10 60 98 16 55 81 34 63 66 58 2 80 86 27 43 54 44 97 37 44 59 15 63 5 59 97 54 64 7 99 1 99 28 34 41 0 73 55 20 94 9 70 79 62 91 75 35 13 87 12 15 94 53 52 46 54 54 43 43 16 2 45 32 66 24 66 26 10 47 57 41 11 0 75 12 8 22 74 17 20 62 41 25 7 13 95 22 
85 0 89 79 93 4 84 0 14 75 41 21 0 62 74 42 60 15 81 50 1 59 83 65 82 8 29 21 5 98 70 68 86 97 22 10 58 88 51 56 30 54 59 58 40 38 99 86 70 50 99 95 53 58 48 97 70 85 26 53 69 92 77 22 93 61 13 50 46 42 98 89 27 18 78 26 52 44 19 96 9 77 54 11 65 26 97 80 69 24 65 0 54 16 2 58 61 27 9 4 92 13 6 58 12 28 6 89 52 89 52 50 84 74 6 64 52 17 5 72 6 22 99 52 30 57 6 62 
94 18 10 1 58 12 13 31 79 49 31 39 21 46 67 98 89 5 12 66 33 63 39 6 92 47 68 48 15 30 82 84 50 58 97 9 36 9 42 40 30 82 54 39 22 69 54 68 77 8 36 30 61 21 65 58 15 19 93 44 55 4 20 41 95 68 4 25 80 94 92 22 97 23 96 82 41 93 6 3 78 72 17 98 37 40 74 90 84 95 13 8 51 74 79 96 40 80 88 6 5 36 62 27 34 81 55 30 16 95 89 76 2 45 11 88 47 54 11 93 69 8 96 35 87 39 39 4 
71 86 33 1 71 23 62 74 64 40 83 17 48 25 2 6 0 33 20 69 93 55 50 57 78 28 49 2 70 68 39 94 68 7 41 23 53 31 61 43 0 84 11 9 74 96 75 27 13 51 24 6 71 59 74 16 87 6 63 0 35 81 54 88 39 52 33 42 90 47 56 67 90 29 73 4 30 64 4 32 6 99 66 12 66 64 98 94 10 15 36 27 73 62 52 2 78 93 55 80 9 65 97 23 55 64 52 36 36 7 81 88 40 43 0 71 14 89 50 1 96 73 18 9 45 43 62 22 
39 98 0 61 26 94 86 57 29 90 3 47 18 29 85 42 79 69 66 27 79 80 3 82 58 49 75 30 86 87 9 96 39 79 55 93 1 58 25 54 7 53 34 91 16 84 24 3 19 38 16 97 38 91 89 43 81 48 18 15 71 45 33 81 58 44 71 4 8 22 13 76 15 82 51 86 26 34 53 78 94 86 36 55 51 35 12 18 2 83 31 36 3 43 53 63 68 19 46 18 55 91 26 35 71 37 13 6 21 83 19 58 32 45 68 28 81 97 27 78 64 51 5 32 86 94 99 51 
45 90 75 81 34 49 49 81 47 86 28 52 8 33 71 63 35 86 21 84 18 78 10 12 87 71 7 91 58 73 28 38 72 55 28 20 16 89 43 49 66 40 82 90 4 2 6 7 22 84 86 26 81 8 67 11 57 12 92 59 97 51 67 28 41 16 47 5 12 51 21 42 17 80 29 42 64 14 90 3 26 72 23 47 72 95 82 50 44 20 89 92 64 36 75 89 73 92 92 18 47 53 57 18 2 64 46 86 87 85 83 94 69 15 78 0 4 28 74 80 15 45 52 21 62 69 49 16 
40 0 14 89 89 20 48 35 6 40 29 75 58 27 19 71 87 61 58 83 14 63 31 48 99 95 65 5 78 12 81 59 95 84 86 39 76 44 53 54 60 93 7 51 17 50 55 86 94 5 53 50 82 73 88 2 56 76 66 42 18 55 36 67 43 18 85 3 94 87 68 72 39 65 47 71 51 23 36 14 70 94 55 97 36 89 7 88 53 73 21 60 68 11 12 42 25 70 7 2 28 9 12 9 84 42 47 72 80 63 21 16 36 84 15 89 57 48 82 86 96 34 91 12 53 59 1 95 
45 61 86 8 7 72 36 59 88 85 65 59 60 43 95 69 1 11 84 84 48 42 59 6 75 68 20 70 4 80 64 9 51 87 95 33 35 27 30 40 79 63 45 31 36 73 23 22 2 91 79 36 80 37 93 95 90 38 29 87 61 21 70 48 82 50 50 19 29 82 24 9 27 1 41 28 66 6 89 8 2 62 45 2 70 82 29 55 80 54 98 10 45 15 17 93 5 27 54 25 53 77 38 86 47 1 94 1 37 59 28 7 50 68 18 17 49 95 91 63 57 74 24 47 91 92 51 58 
41 23 5 40 25 51 75 60 22 34 59 21 31 30 27 30 7 39 44 42 1 55 57 62 87 21 27 99 73 10 27 32 94 53 23 9 44 18 43 30 30 89 25 80 64 10 48 90 13 13 95 75 31 64 92 47 38 11 72 93 47 15 83 58 39 85 7 75 77 69 6 73 39 97 34 68 2 26 34 87 21 21 83 9 22 32 44 38 98 60 53 76 94 9 36 82 82 56 64 46 54 56 33 15 56 95 93 16 41 13 25 34 94 17 75 28 32 89 18 72 12 54 4 45 87 98 20 38 
70 62 3 73 35 39 76 49 28 10 16 21 12 46 86 57 51 13 35 72 55 11 25 44 81 25 19 30 22 88 87 95 58 6 99 84 42 64 8 18 27 35 49 27 52 70 84 75 40 82 99 54 88 12 16 5 94 39 14 74 46 58 48 96 13 29 94 33 32 50 60 63 4 94 9 2 94 5 46 89 4 90 34 35 12 4 55 60 56 48 45 7 28 90 3 61 15 31 6 47 76 55 42 3 8 53 92 19 30 97 47 89 93 61 27 38 40 22 84 76 32 17 86 52 1 55 6 75 
50 97 13 81 18 65 72 11 64 97 89 70 72 23 91 76 9 97 98 54 39 46 71 70 22 57 26 3 44 40 30 23 29 19 1 56 85 53 91 80 6 20 24 78 33 24 39 73 87 90 61 32 74 3 67 21 44 58 5 95 94 71 37 83 35 95 63 41 87 27 1 70 6 66 21 49 11 47 85 22 32 53 82 35 73 73 64 28 6 28 64 75 47 87 27 34 0 94 63 16 52 77 60 20 13 17 14 29 28 92 50 33 19 90 46 9 97 27 44 73 28 43 66 17 3 24 41 18 
65 58 55 23 22 93 79 27 76 61 37 15 91 54 64 65 8 55 81 80 51 24 49 72 98 92 74 26 9 2 77 94 84 22 52 87 99 52 38 53 63 21 37 64 83 3 2 64 68 63 52 46 59 7 32 91 71 37 80 73 7 60 44 87 59 81 53 56 65 82 39 71 33 83 92 14 80 18 20 61 57 60 45 74 42 70 64 99 32 75 59 1 78 71 32 78 36 75 22 68 93 73 17 36 66 41 4 18 88 37 79 96 35 97 13 42 8 0 83 2 3 2 36 41 96 85 99 0 
16 22 9 88 89 53 85 59 34 44 13 62 4 8 51 41 0 28 67 24 69 49 22 56 70 39 15 73 37 63 40 32 45 49 49 10 4 3 63 38 70 33 72 6 99 3 98 76 26 97 69 67 52 91 96 91 17 70 36 90 21 2 87 92 84 37 10 82 30 42 85 86 69 33 3 91 18 11 2 88 73 38 38 44 82 23 49 9 79 87 32 19 38 27 44 65 37 6 14 29 42 38 22 54 58 38 26 92 9 89 32 13 22 36 75 59 89 64 56 79 64 47 78 0 39 93 51 33 
25 66 27 39 24 16 25 48 90 43 71 65 8 80 54 9 41 41 37 95 62 33 42 99 35 62 46 10 0 49 3 20 42 46 20 31 50 25 82 4 2 94 51 38 51 5 95 64 4 8 23 59 99 62 91 16 35 13 63 41 48 6 22 29 52 2 23 98 46 59 69 9 46 2 21 50 38 77 50 17 6 51 24 13 67 15 36 73 7 49 62 11 89 80 21 45 91 31 11 33 92 53 85 52 43 16 53 92 44 45 4 90 79 60 16 8 72 58 51 90 0 90 83 28 13 15 14 46 
87 54 46 10 92 89 44 27 35 77 6 61 41 81 0 62 32 86 81 86 46 21 56 78 7 47 85 3 89 30 70 28 4 29 48 49 53 63 86 58 68 94 72 25 93 61 25 97 29 23 52 81 94 73 8 71 56 51 36 95 43 17 58 35 98 21 77 65 92 92 84 5 58 16 26 58 52 42 80 44 36 49 2 41 56 39 96 19 58 68 28 72 97 81 70 11 13 38 46 23 99 46 0 79 52 40 34 28 34 24 27 19 42 78 45 18 53 88 50 52 98 34 11 65 40 0 70 55 
82 68 56 72 22 41 89 28 11 77 7 4 89 43 36 12 78 43 46 44 51 36 47 34 82 12 97 84 24 91 88 60 24 79 23 20 77 24 53 87 76 26 32 78 20 51 38 86 49 79 16 40 15 7 35 68 49 50 6 94 53 47 34 83 99 51 51 6 40 63 65 33 62 60 41 67 22 29 19 96 80 44 53 71 12 47 22 42 31 21 26 9 64 54 24 51 29 9 91 99 20 9 16 23 70 17 70 6 21 25 60 86 1 55 27 62 18 67 93 41 18 41 70 90 47 85 67 2 
9 34 44 84 80 24 89 38 28 31 44 1 2 14 53 88 87 50 86 26 13 73 34 79 34 65 93 0 20 69 26 54 20 21 74 74 48 67 19 31 37 64 65 54 59 11 42 59 87 61 96 99 31 52 38 16 44 99 96 14 12 74 82 84 31 58 3 44 5 23 74 61 84 21 39 25 83 37 56 9 95 7 16 52 8 59 19 18 7 11 58 21 14 68 56 44 35 18 4 11 63 65 80 5 74 82 2 31 14 76 53 24 72 49 86 53 18 80 86 81 30 85 17 30 76 16 46 32 
53 79 22 52 85 64 78 73 42 37 99 20 18 98 89 40 40 88 32 20 31 60 25 81 46 46 95 25 61 81 23 90 33 7 44 87 27 6 56 53 98 13 99 92 51 62 9 8 30 13 53 78 51 37 27 62 78 47 91 94 69 19 38 53 39 78 40 29 60 35 74 7 36 27 50 90 19 53 68 67 74 75 41 95 95 57 80 48 16 71 48 36 46 0 5 19 32 94 70 57 40 10 53 76 97 43 97 56 82 57 22 11 31 26 7 14 53 71 33 13 90 24 41 23 50 85 56 73 
4 14 84 63 37 47 19 64 83 75 21 12 33 16 91 61 3 82 58 37 14 46 80 92 33 81 58 23 75 94 66 47 57 94 60 85 68 10 93 20 83 1 31 7 91 62 76 11 36 18 32 41 10 39 91 41 98 25 77 25 86 83 78 6 5 11 92 35 65 35 71 81 82 5 9 25 78 87 29 3 42 74 31 74 51 25 60 2 23 97 11 57 34 76 97 1 79 38 12 3 46 67 7 25 78 79 1 96 29 64 27 44 45 8 90 12 42 35 67 1 82 50 97 16 41 59 29 35 
70 75 89 41 39 14 77 60 98 93 86 75 15 50 74 54 11 45 18 50 40 53 18 17 2 16 76 18 27 85 87 82 48 12 32 82 38 60 51 16 20 40 94 23 35 4 60 37 35 98 52 27 13 85 58 36 77 53 66 34 9 64 39 62 98 50 78 89 13 3 49 36 60 2 42 83 62 34 92 94 26 89 36 28 43 61 12 49 28 92 91 35 15 14 1 40 49 80 1 58 95 65 59 36 69 43 13 92 23 74 11 44 79 56 33 28 75 91 2 93 45 62 94 88 11 57 62 71 
8 84 41 16 41 88 37 22 19 5 14 36 93 21 98 40 67 70 15 6 93 68 56 49 61 53 83 67 26 24 33 69 83 83 8 38 41 25 89 98 24 73 69 98 39 85 30 63 68 66 20 54 50 7 0 83 39 2 97 76 77 17 38 79 5 23 87 65 28 50 12 77 66 16 29 59 17 58 72 34 48 17 38 61 25 79 85 23 56 97 61 83 11 71 82 47 4 93 84 35 50 78 64 43 16 20 87 33 87 88 24 23 14 50 66 39 89 43 75 1 33 18 66 10 20 72 71 29 
68 50 92 13 20 47 61 82 97 91 88 91 77 49 29 67 23 20 31 30 77 82 65 43 42 63 50 16 70 84 68 51 65 10 82 64 62 33 42 34 76 91 23 65 56 2 34 69 89 40 29 60 79 83 63 36 82 20 44 52 36 42 30 49 5 24 95 35 19 17 18 83 57 25 31 64 82 29 97 72 27 33 79 89 84 64 25 46 94 93 45 73 66 59 34 98 71 6 30 78 1 58 79 45 40 5 2 35 81 21 54 90 77 57 16 19 41 19 39 17 25 68 14 33 46 59 56 28 
74 71 70 3 19 28 13 58 26 23 49 32 47 72 62 72 96 98 63 85 3 18 18 78 78 64 1 61 44 63 27 50 13 8 83 31 25 20 22 7 10 38 65 1 97 17 17 96 23 77 45 15 16 99 7 33 76 25 49 74 81 2 79 70 70 24 39 64 17 25 59 43 8 59 57 73 1 81 38 23 85 31 49 11 93 2 8 73 8 48 57 82 11 76 67 2 72 56 65 94 96 52 48 18 19 94 24 24 22 94 43 31 95 0 67 81 6 98 26 12 71 2 70 36 28 89 12 31 
92 27 68 75 17 66 2 25 13 15 81 21 3 3 51 20 47 84 28 2 4 96 96 0 9 29 70 19 3 58 96 5 60 47 68 96 33 25 40 79 69 66 44 27 68 38 56 97 28 5 96 74 60 41 40 49 54 35 91 43 2 73 6 41 40 64 64 50 8 74 37 74 70 90 63 79 25 3 99 32 82 71 91 96 27 2 45 77 41 70 64 77 9 65 32 60 73 29 51 83 4 67 82 5 52 77 80 74 39 49 79 58 69 49 2 88 35 68 31 16 88 37 35 13 36 99 10 47 
84 23 81 95 82 60 88 7 88 72 30 50 3 60 57 20 27 2 9 95 44 16 50 88 9 8 96 40 49 80 5 95 71 44 70 34 9 98 2 8 70 26 39 39 99 80 52 75 32 72 50 57 20 97 35 82 99 43 45 30 41 34 54 68 51 75 23 83 78 46 32 53 0 30 5 4 7 80 48 26 51 72 99 6 98 33 24 89 30 63 91 82 3 44 98 31 37 2 57 20 96 67 29 26 60 72 81 23 80 16 28 1 42 41 34 57 14 82 14 56 50 48 53 99 53 27 35 1 
47 5 8 26 67 21 28 91 55 94 2 56 12 57 89 1 46 93 27 79 50 82 92 95 38 77 52 97 70 59 38 17 0 94 29 20 37 39 75 31 15 42 27 40 68 91 10 99 61 98 72 19 20 99 7 59 33 62 13 60 69 26 92 58 3 23 23 51 20 57 94 44 79 73 84 23 7 34 44 46 16 77 82 40 0 29 55 17 53 74 41 50 89 58 42 17 72 35 60 25 35 35 33 41 48 5 43 91 6 71 98 0 1 36 50 67 67 88 3 59 63 67 28 28 51 96 12 34 
0 50 41 19 21 88 52 39 98 77 46 98 8 39 59 19 16 61 74 89 28 47 12 35 6 24 31 79 54 52 97 99 61 59 74 70 76 31 35 13 86 17 56 1 71 82 87 70 36 86 38 83 3 65 24 16 54 45 35 10 63 93 64 81 14 16 34 68 8 68 64 31 98 89 74 70 21 1 27 47 44 50 69 44 77 7 86 5 68 80 3 12 80 38 66 33 8 86 38 81 65 57 95 41 71 50 27 40 43 13 94 62 63 18 98 59 69 10 10 82 20 57 74 69 51 22 84 45 
11 48 73 93 70 87 58 46 92 68 66 35 72 58 88 47 55 5 98 54 46 83 94 60 43 48 87 76 96 76 92 53 99 74 0 41 5 91 65 90 95 10 45 82 37 63 41 56 37 18 95 8 57 11 37 98 96 98 45 14 37 4 5 98 6 2 4 18 83 9 17 25 3 43 76 79 59 58 31 86 5 78 61 97 31 50 73 31 18 62 49 37 85 35 15 40 85 58 93 32 57 60 8 64 33 91 32 79 6 99 8 26 15 96 12 39 95 43 7 24 52 89 73 15 21 74 5 27 
63 19 32 77 6 61 55 45 67 41 63 54 37 28 72 69 8 80 87 43 2 62 34 97 82 43 98 39 52 25 38 16 29 3 70 87 74 62 28 10 33 45 65 79 26 1 33 64 47 27 24 1 64 31 45 78 23 85 18 98 33 66 76 30 58 15 78 1 1 8 63 75 65 37 90 96 68 13 46 10 18 39 65 6 72 68 4 18 37 58 25 24 5 10 97 72 26 63 8 52 0 75 7 80 69 85 42 26 51 91 50 9 39 68 88 40 45 78 61 29 24 54 78 53 57 27 65 87 
94 29 86 84 78 58 90 27 64 88 19 13 1 51 10 80 24 92 60 78 46 2 43 62 78 77 37 81 34 47 65 0 99 98 70 25 3 92 74 20 50 41 49 46 26 72 34 60 60 83 48 31 34 74 22 84 72 19 46 93 69 88 37 3 96 88 57 56 26 44 28 63 39 57 45 10 79 30 53 92 4 27 19 77 57 43 71 62 26 3 47 4 18 51 27 50 60 91 56 83 74 98 89 71 32 33 84 77 31 84 11 28 23 24 99 25 22 92 79 26 0 90 11 43 27 7 96 9 
11 36 2 74 43 99 72 61 60 44 94 90 18 40 75 20 30 55 34 92 14 26 57 17 32 12 5 24 91 23 82 10 36 38 38 38 97 30 67 90 85 73 8 73 34 39 74 56 70 81 94 91 15 58 61 58 1 33 98 21 59 0 33 21 11 89 20 58 55 35 58 9 33 52 85 95 66 90 56 87 76 68 58 76 35 38 90 36 18 42 47 89 12 4 15 83 90 24 91 38 95 30 77 56 61 43 86 10 30 83 39 61 18 32 97 80 93 41 52 55 18 17 82 12 53 31 89 46 
13 6 76 25 68 18 36 87 29 86 19 77 67 89 30 32 97 84 83 20 87 43 19 55 67 33 19 53 78 38 16 36 99 59 23 14 8 21 66 2 43 37 70 38 18 2 58 69 60 94 53 4 34 87 11 76 39 98 39 51 99 42 55 50 16 57 20 42 9 55 94 12 91 66 90 84 2 60 11 58 0 97 20 75 10 0 93 23 19 48 19 97 26 52 90 2 64 2 75 74 85 30 21 30 85 98 20 46 4 15 98 14 43 18 32 16 88 55 59 0 86 53 46 45 63 26 44 85 
54 31 63 54 98 15 88 35 76 16 14 38 54 67 1 66 48 5 80 48 8 68 17 51 69 14 81 81 97 63 81 98 54 71 53 40 86 66 4 91 54 88 10 23 97 24 8 50 22 79 74 17 56 93 53 2 23 79 8 29 57 10 12 98 38 3 59 38 36 14 1 6 27 44 97 1 61 4 73 88 0 0 72 24 45 12 52 71 89 15 29 92 97 25 7 90 54 51 30 75 68 77 20 94 13 77 36 51 8 68 56 43 93 44 83 47 96 64 71 48 88 99 84 67 1 27 71 88 
14 30 17 59 92 69 22 86 44 12 44 0 47 63 44 25 30 25 87 4 96 98 10 15 86 60 79 23 10 38 95 22 93 67 76 38 86 6 48 45 8 97 47 40 0 72 81 2 70 99 93 14 6 77 49 94 70 35 71 57 85 86 34 0 69 21 92 74 19 24 98 13 37 67 98 12 16 40 14 32 46 27 51 31 30 50 64 97 98 65 30 20 64 68 50 51 59 13 83 35 76 78 58 50 63 92 25 44 41 8 34 65 93 65 35 29 48 41 2 71 55 66 69 9 52 84 20 48 
98 28 28 26 21 86 52 54 58 94 58 70 29 93 63 13 17 97 0 89 34 36 56 49 13 56 30 33 38 38 54 68 52 10 64 90 84 47 99 9 60 59 13 23 11 22 84 76 48 3 75 70 67 14 43 18 83 2 21 21 15 54 27 32 3 12 48 52 13 73 4 37 85 19 81 47 99 42 25 91 74 2 89 79 31 27 35 70 47 86 98 95 66 90 32 20 50 90 36 60 59 89 8 80 57 13 34 87 76 27 63 45 8 57 25 90 14 23 5 74 69 90 31 32 94 90 65 27 
24 52 48 73 67 52 35 39 33 6 74 66 39 41 6 33 57 11 49 88 21 45 76 58 23 50 74 22 49 8 54 0 37 95 93 64 19 17 93 76 81 1 94 41 86 48 96 48 21 98 42 53 94 82 17 10 63 52 45 31 52 92 36 50 30 92 33 14 41 97 0 45 18 21 12 66 99 13 27 92 56 61 16 46 63 91 24 11 11 53 5 22 20 91 19 37 3 38 90 91 87 19 31 85 42 90 69 29 37 75 99 86 36 93 30 28 62 25 95 86 78 14 2 71 25 30 38 52 
95 65 33 0 84 60 71 87 53 68 96 31 69 21 18 8 75 26 91 68 46 49 77 0 22 49 75 51 78 17 50 9 10 91 16 78 30 80 16 20 26 66 4 78 37 53 53 81 68 43 3 74 80 2 36 51 28 58 15 65 91 14 78 28 34 47 32 43 76 28 36 32 72 47 39 92 26 1 1 55 88 36 58 74 41 61 85 55 77 8 58 91 7 36 47 22 26 16 56 89 40 6 47 41 39 90 41 83 84 74 39 6 43 86 78 79 57 38 96 53 36 92 14 40 48 89 18 74 
29 87 46 95 60 96 41 39 55 67 71 76 44 53 19 36 39 65 61 20 72 79 56 46 62 85 92 51 24 27 27 86 0 12 96 71 85 46 53 69 63 5 72 92 32 65 8 57 87 74 90 40 4 15 98 81 79 49 52 63 26 11 60 83 8 0 80 51 7 58 38 20 76 8 88 45 64 84 40 87 20 41 1 31 71 98 55 22 86 64 79 81 23 30 10 10 16 51 58 61 11 88 34 20 38 37 79 13 41 67 3 41 4 92 41 13 54 92 59 33 82 41 84 63 13 58 60 61 
15 26 64 98 70 47 28 98 52 45 46 62 7 61 75 45 23 18 68 51 44 51 82 6 62 26 99 38 89 58 65 88 4 49 88 69 68 24 20 65 88 97 66 38 89 85 16 50 98 14 87 18 46 72 40 49 75 32 34 29 57 60 64 49 3 80 86 25 42 63 20 8 53 57 87 23 14 69 26 11 46 16 7 7 95 14 3 61 78 26 17 45 86 80 70 6 12 50 54 38 0 94 5 84 60 3 25 67 13 79 2 75 32 68 14 20 85 73 88 20 32 78 55 27 75 79 92 53 
97 39 61 74 34 93 72 0 39 19 11 29 78 71 31 15 32 84 17 26 1 87 90 45 71 23 40 77 58 82 27 89 55 68 91 36 89 21 67 39 80 78 77 45 67 66 86 21 34 37 21 32 49 79 53 25 69 64 11 38 99 69 52 72 0 83 48 1 79 4 3 69 95 94 83 89 16 52 77 9 23 72 64 55 57 6 48 89 56 29 12 68 12 91 8 30 22 79 44 62 4 54 28 6 71 11 12 63 21 99 39 75 83 90 83 82 24 67 22 72 66 3 6 22 33 93 68 77 
33 74 48 27 54 4 39 46 81 12 11 3 74 43 91 22 40 66 8 56 64 81 38 75 53 46 93 6 46 3 9 56 67 31 42 83 8 33 4 96 19 16 40 90 53 1 91 73 86 46 94 64 15 55 19 36 74 88 99 19 71 0 6 87 62 91 90 6 17 45 14 69 72 77 30 61 69 82 39 50 39 31 49 40 25 8 94 38 24 91 73 64 61 60 52 37 38 95 68 90 36 31 27 25 95 67 35 79 23 70 17 60 73 18 62 37 47 40 79 55 9 33 80 78 62 24 66 98 
6 93 41 23 35 52 46 27 32 20 30 53 17 84 20 28 33 69 80 4 45 31 61 46 88 66 88 64 22 51 9 79 79 25 54 42 11 35 47 34 76 48 34 49 84 66 17 61 61 36 76 40 68 75 44 13 91 61 1 34 17 9 11 50 63 81 45 96 83 26 45 54 88 61 12 40 20 80 67 84 2 30 86 1 93 73 58 23 23 33 55 76 53 8 6 38 10 7 35 94 48 64 57 85 41 1 20 96 40 16 20 16 84 96 20 4 67 24 57 84 65 53 4 80 87 72 49 8 
23 8 2 62 97 65 35 55 0 77 25 26 55 6 3 16 67 88 40 89 19 30 86 60 92 98 8 2 35 88 92 7 48 49 23 55 97 31 97 23 59 87 42 62 70 28 16 16 20 22 64 54 71 6 76 15 92 40 63 27 9 94 70 51 85 92 67 25 14 49 53 65 96 36 55 96 94 25 40 77 93 38 65 51 81 99 93 13 26 12 82 22 64 27 12 35 31 45 81 98 79 51 66 44 35 37 0 56 27 9 62 70 93 90 27 8 84 67 64 24 95 50 88 0 0 14 71 13 
0 43 83 8 92 0 25 24 14 12 40 20 77 47 88 0 77 39 71 73 22 91 66 81 55 20 61 74 40 93 24 88 55 41 49 75 25 47 18 80 28 83 76 47 20 23 23 78 7 32 31 16 54 62 7 11 5 19 16 99 7 78 64 42 2 65 75 45 56 94 62 2 14 63 16 22 86 12 57 27 99 71 5 83 21 0 89 94 81 2 94 72 66 96 78 85 3 17 16 69 93 56 29 60 96 81 45 8 97 60 33 4 38 82 98 45 10 80 47 72 2 70 24 15 99 84 18 21 
19 90 36 9 24 99 90 8 5 14 24 45 24 92 54 65 80 96 48 35 96 54 59 14 81 45 30 18 81 32 31 3 37 84 77 11 97 3 45 63 83 31 62 38 83 26 35 31 31 21 55 89 23 94 48 82 62 39 25 76 44 51 0 85 37 93 80 25 94 79 84 32 43 29 41 84 78 28 14 10 89 63 31 93 61 35 80 62 90 48 15 30 80 10 76 17 52 71 80 74 99 12 32 46 89 66 8 15 16 10 97 63 61 95 89 1 41 1 34 59 6 53 21 51 84 94 75 63 
49 53 65 9 62 8 90 85 12 96 22 51 72 43 41 91 68 62 58 96 85 51 51 47 54 57 52 37 6 70 51 77 38 35 63 78 58 94 67 20 46 94 73 89 74 24 84 36 72 59 87 96 84 37 14 65 44 41 18 56 12 38 93 5 6 62 41 14 18 13 94 86 81 85 43 47 13 44 33 26 40 33 2 42 20 34 77 18 76 47 38 12 85 80 10 66 12 24 68 82 33 66 32 26 33 54 2 85 99 84 14 28 70 27 79 72 27 77 26 44 19 38 90 73 70 85 68 7 
26 95 67 80 94 84 44 60 33 65 33 71 74 94 43 11 74 10 63 38 8 28 7 87 43 94 37 52 17 33 20 50 93 91 2 9 9 95 88 51 86 10 1 29 46 92 99 4 0 5 98 36 0 24 33 54 82 37 50 8 54 17 40 24 75 26 14 98 93 54 36 6 17 56 15 24 44 95 93 61 47 48 92 90 96 79 5 59 7 58 98 50 91 25 10 40 57 3 31 86 8 66 62 13 77 75 3 28 97 18 76 7 67 92 51 11 59 35 91 90 75 14 22 20 45 59 23 65 
23 27 5 49 26 98 47 99 52 46 61 71 13 87 46 14 68 42 39 87 55 61 50 74 54 80 76 62 94 64 90 77 80 94 8 4 0 64 12 44 64 49 65 69 90 24 24 84 22 13 83 57 98 39 21 76 9 8 60 3 82 28 6 75 64 24 51 86 14 64 83 38 66 65 30 15 95 31 95 59 90 31 40 49 13 51 27 90 51 50 29 49 43 62 45 70 46 72 32 18 88 10 6 38 88 72 21 50 43 6 51 8 12 79 63 27 75 80 96 37 90 8 1 4 46 75 4 67 
15 83 50 20 42 25 99 31 23 97 49 81 2 57 82 34 43 2 71 85 47 82 79 85 90 44 16 69 37 16 6 51 41 55 99 91 87 49 57 52 35 12 10 82 84 40 81 55 11 98 64 15 1 82 86 41 38 65 73 13 1 1 67 58 67 53 43 30 93 27 57 39 68 96 43 80 52 43 6 50 79 76 76 29 87 59 52 37 96 58 3 4 54 3 95 1 0 10 60 40 60 86 17 29 43 12 8 11 34 66 45 39 48 97 52 1 71 50 5 1 31 71 95 97 15 22 81 95 
22 14 96 43 11 84 14 9 23 53 75 75 7 95 98 53 56 57 90 36 58 61 93 8 75 39 34 30 79 56 66 55 12 2 62 21 98 19 1 37 23 14 36 72 66 74 96 35 68 31 25 22 30 31 94 19 55 35 58 21 94 89 55 72 46 9 74 75 46 64 47 78 99 30 89 58 35 57 56 61 7 89 14 76 74 11 99 36 31 0 40 58 99 98 63 38 98 57 81 21 85 24 56 4 49 22 67 47 4 27 71 84 56 11 27 76 47 63 45 86 23 29 12 65 36 84 16 98 
67 2 21 74 47 87 68 88 99 16 45 46 8 56 96 15 19 13 5 72 30 11 29 97 88 68 43 90 98 33 59 42 76 49 73 75 14 61 26 29 45 28 45 47 2 91 90 7 46 76 10 44 70 84 2 60 61 79 4 82 99 31 85 85 66 8 12 58 52 4 34 94 78 35 97 84 43 88 28 16 22 80 94 15 71 41 23 28 16 4 72 44 5 41 8 92 2 56 57 15 55 86 99 2 10 14 51 52 20 88 84 59 13 8 63 65 55 7 93 69 40 2 6 58 74 55 22 17 
64 96 23 36 44 49 46 90 50 94 55 21 56 89 63 56 26 75 80 32 17 39 95 18 49 57 9 10 83 95 58 28 57 77 16 39 86 51 75 18 70 82 70 71 38 19 39 16 0 58 73 49 96 27 54 38 15 96 19 84 97 51 21 97 95 23 11 52 80 82 44 96 90 93 73 72 32 67 17 42 87 85 76 52 87 81 57 60 86 28 62 78 66 51 43 84 92 79 59 59 23 66 67 99 31 37 43 38 14 22 16 94 33 23 49 83 71 30 85 99 42 96 45 81 73 20 85 18 
21 56 24 40 85 67 40 17 75 80 63 23 99 88 42 53 24 44 81 73 19 31 92 31 71 30 97 74 12 59 48 4 33 99 72 75 16 74 54 97 27 65 93 66 83 54 40 74 11 81 55 5 78 51 76 56 99 20 96 47 19 25 66 71 24 76 31 41 78 21 33 48 7 95 14 84 19 17 45 98 44 51 30 48 29 97 82 0 52 75 90 96 68 19 17 50 19 43 87 56 65 60 89 40 78 77 42 52 10 59 72 97 78 69 83 76 13 38 24 35 24 11 16 73 12 15 29 82 
32 16 7 74 13 43 95 22 40 54 80 49 33 9 8 27 81 15 73 54 15 89 83 44 5 37 84 45 57 97 90 19 33 23 45 45 57 14 33 7 68 86 6 68 74 85 52 45 4 96 0 79 81 94 74 8 12 32 7 30 58 44 14 45 44 15 48 31 33 89 83 53 18 2 96 51 41 76 56 21 98 34 88 92 67 77 44 25 61 35 83 87 17 62 4 64 6 25 89 69 72 32 51 32 18 3 37 13 10 35 55 19 5 16 36 66 53 62 42 78 36 61 81 85 78 58 48 86 
39 56 47 56 38 55 56 95 77 95 67 18 34 43 54 23 73 89 18 30 81 19 57 40 36 71 85 46 56 31 66 7 1 55 37 65 13 93 75 35 46 15 77 3 89 29 20 45 11 71 31 88 96 89 86 90 22 23 53 22 52 54 37 49 84 47 29 95 52 70 5 79 8 38 28 14 11 65 39 34 49 74 70 14 28 38 87 43 17 82 18 47 25 88 12 37 43 2 13 60 84 22 34 48 99 12 47 54 25 51 59 71 90 60 85 25 46 57 63 67 69 89 88 5 56 66 30 30 
1 17 58 43 93 88 92 65 2 9 27 81 27 40 78 41 47 6 23 2 2 50 38 32 90 95 34 15 48 4 15 94 10 49 37 49 93 69 54 16 4 49 48 82 66 1 2 52 70 80 53 18 63 58 71 77 86 99 9 1 32 67 37 9 13 55 44 73 43 25 76 47 55 7 63 54 51 54 80 45 3 91 20 60 74 25 59 92 42 6 82 95 9 45 83 29 32 66 95 26 68 20 32 87 34 46 20 29 57 64 30 79 57 73 16 46 81 48 2 53 82 96 25 66 39 22 11 42 
78 73 78 39 78 70 46 23 28 74 87 38 32 12 0 73 26 3 68 56 22 42 47 36 2 46 3 21 34 69 71 61 97 91 87 42 35 44 56 45 11 20 1 81 97 12 18 23 46 36 27 24 12 88 19 23 5 51 9 47 23 48 98 2 47 90 83 10 50 41 20 50 84 11 96 50 38 96 90 99 16 18 70 84 45 12 57 40 62 28 94 79 25 10 64 86 3 32 76 57 7 8 13 65 3 42 64 67 73 91 56 14 32 82 14 83 77 92 36 41 95 18 69 69 17 93 36 3 
93 40 91 54 44 57 94 49 82 73 10 34 73 21 67 99 71 70 87 91 74 47 23 79 87 36 31 94 77 6 50 36 91 6 8 40 56 97 33 54 89 34 38 42 95 50 38 82 35 16 90 56 20 57 81 57 26 8 75 85 69 12 19 58 91 7 51 75 25 25 99 89 3 33 80 96 31 50 76 26 57 7 96 5 54 30 94 31 52 48 35 0 74 42 27 23 6 92 61 79 95 40 43 82 0 76 48 30 51 39 71 78 90 53 22 26 62 21 53 60 50 53 54 12 66 18 61 74 
70 53 57 68 32 40 82 16 71 5 9 13 64 76 7 1 84 34 77 8 29 36 56 65 77 90 8 40 70 59 90 17 77 87 93 90 12 3 47 95 66 51 27 91 84 56 33 78 80 24 45 2 5 42 74 46 32 53 64 89 38 60 39 33 46 54 83 0 28 21 28 49 76 84 17 55 8 76 56 21 86 53 76 3 18 59 97 66 62 83 91 6 52 15 64 5 2 21 57 4 35 48 3 37 36 64 34 0 63 73 32 46 32 49 95 25 93 30 83 1 82 62 91 27 84 82 54 14 
70 47 77 20 89 12 42 1 89 80 53 81 7 99 22 91 37 22 52 12 5 82 53 58 11 69 5 63 96 71 93 38 92 73 52 95 97 73 43 32 31 10 52 10 86 37 73 33 63 83 64 72 62 59 27 25 36 61 75 86 88 15 67 78 92 88 66 92 21 35 80 14 83 93 98 91 27 17 39 57 32 64 25 84 79 66 15 99 50 50 80 19 44 60 65 83 96 13 36 93 26 72 6 43 66 97 51 8 72 78 93 60 21 97 24 88 40 93 60 42 56 22 78 63 69 19 65 53 
7 8 88 16 78 12 35 50 35 66 32 55 6 73 94 60 50 93 49 32 29 40 65 22 38 43 46 58 97 79 14 28 66 98 66 67 51 52 42 69 45 94 54 40 25 30 66 10 31 14 61 36 10 58 58 40 73 74 3 86 35 87 38 98 75 78 8 11 13 88 50 97 94 28 91 53 8 96 44 77 1 53 81 99 51 68 71 90 23 24 28 46 2 80 51 85 68 40 83 95 86 31 87 67 67 0 62 42 35 79 8 71 85 54 40 63 45 77 15 90 98 39 6 12 2 16 33 59 
79 67 86 35 93 71 20 22 99 70 14 51 76 14 50 19 53 84 51 63 93 41 73 94 18 85 11 32 32 26 85 85 32 5 12 48 14 60 46 60 19 86 6 95 21 32 74 31 31 8 12 52 30 52 98 54 78 14 31 28 28 40 46 25 34 0 90 8 1 58 47 21 2 72 68 63 54 3 92 66 79 36 14 26 4 8 11 26 29 38 70 20 20 7 39 19 33 18 98 16 25 52 71 23 27 75 95 71 4 94 73 31 92 58 5 42 27 11 69 89 70 88 74 70 9 1 89 98 
53 25 44 49 29 57 66 56 98 63 13 16 80 24 98 92 75 54 63 48 66 4 93 86 4 53 3 48 92 82 8 17 75 66 7 44 2 44 10 45 54 94 13 92 47 95 92 73 40 93 86 55 69 53 58 67 16 38 3 91 68 87 75 84 55 78 55 59 61 91 93 12 35 52 78 87 26 26 31 63 30 23 54 30 98 65 18 58 41 85 17 46 34 74 53 56 10 13 58 88 70 9 79 37 81 69 34 43 64 46 7 34 66 59 37 88 91 57 87 93 6 99 8 13 28 41 98 53 
20 70 70 24 59 49 28 51 70 56 91 99 71 42 7 68 17 31 29 36 90 53 50 46 55 8 97 84 14 39 61 81 65 53 90 74 28 89 12 86 88 49 27 50 53 18 25 78 85 0 13 31 4 66 0 99 90 6 18 83 37 63 84 36 53 37 29 73 67 85 16 43 81 81 86 0 88 40 59 85 1 18 41 90 56 82 66 34 56 41 21 17 87 24 48 21 38 39 45 38 83 38 74 96 42 65 47 97 81 92 90 8 0 21 61 13 0 47 91 52 32 29 24 20 6 62 68 12 
74 52 19 19 73 2 77 53 0 76 33 65 15 43 73 80 12 86 21 75 45 28 35 90 92 95 76 77 53 54 32 69 38 19 36 98 49 40 19 97 94 96 14 64 25 98 76 50 49 46 5 5 25 45 75 37 86 41 29 16 3 24 57 58 31 84 26 27 24 44 37 79 80 26 73 52 39 35 66 99 58 33 56 39 26 74 77 17 60 34 21 76 12 87 63 96 65 11 57 16 91 31 41 99 18 73 69 25 78 8 56 45 16 28 28 99 35 99 11 47 18 81 23 63 85 99 3 29 
40 1 56 15 70 92 50 28 78 98 82 15 90 53 75 98 89 11 4 32 60 76 61 77 41 43 79 21 64 16 88 36 44 65 12 82 73 45 52 97 18 85 42 14 0 47 67 58 24 31 3 52 97 89 70 43 65 87 67 34 52 19 78 90 45 54 94 54 50 82 7 90 35 30 82 50 12 40 97 89 79 25 69 20 95 91 29 24 9 93 33 32 34 80 84 5 42 85 70 15 57 57 86 22 27 9 49 60 69 80 55 94 36 88 82 24 14 97 62 17 75 37 86 26 8 6 25 98 
82 30 15 37 78 94 75 75 73 64 85 13 11 83 57 11 97 78 70 73 7 80 68 50 87 23 90 27 87 15 1 44 9 77 8 40 34 35 88 88 30 22 40 13 7 34 77 76 47 76 55 27 15 41 51 33 20 81 57 96 51 66 16 21 67 27 58 5 81 20 52 13 68 45 41 81 23 74 35 13 28 94 73 85 58 16 58 72 6 38 16 42 99 36 12 73 12 63 46 37 6 68 58 94 95 83 53 63 87 79 49 29 92 60 83 51 20 37 76 65 5 59 78 57 85 72 40 30 
36 98 9 90 89 10 26 60 34 23 5 80 16 67 72 68 36 20 61 59 86 53 44 79 81 59 21 35 38 10 72 5 32 61 63 41 88 44 31 78 71 91 81 70 34 9 84 78 19 99 12 51 58 45 91 32 66 93 81 84 57 28 59 24 3 27 97 89 10 38 32 7 87 63 89 21 97 97 21 51 57 87 30 27 70 24 21 67 80 77 2 36 75 31 13 25 9 99 49 63 77 88 86 99 3 26 6 72 32 49 16 25 33 59 13 62 33 52 35 23 2 80 38 29 68 43 41 63 
53 41 90 6 38 46 86 55 5 87 23 59 35 74 45 92 89 99 97 1 51 55 40 50 92 47 26 78 41 22 42 24 21 51 13 76 20 59 79 97 64 63 96 88 13 63 19 48 29 17 1 89 77 0 5 5 3 58 16 82 46 9 46 6 14 41 96 75 60 92 74 6 28 61 78 59 79 78 23 6 71 19 37 74 27 72 28 96 15 82 40 59 79 26 5 14 70 8 83 92 56 51 16 34 81 19 16 12 74 67 21 47 27 90 13 52 69 19 18 70 1 13 80 57 76 22 8 47 
51 62 82 53 74 92 81 7 43 71 67 35 80 49 97 73 44 20 44 78 25 57 52 39 23 67 15 27 93 52 8 58 5 27 48 49 31 5 94 56 98 19 68 97 39 0 44 41 46 70 86 26 58 50 77 29 21 13 95 54 83 6 84 32 53 69 10 38 1 49 53 23 41 33 7 31 37 62 29 69 92 20 37 44 92 77 49 37 21 23 41 78 67 84 70 29 85 12 86 26 33 23 39 13 63 1 11 23 18 79 46 76 91 56 70 72 45 61 45 3 20 75 39 94 66 34 50 63 
26 24 90 72 81 94 76 32 76 67 65 81 57 59 18 77 35 73 25 47 85 26 69 8 47 42 94 63 92 17 34 5 19 53 18 98 19 44 16 9 83 29 13 33 49 4 65 16 64 93 1 35 96 14 62 63 53 93 61 54 76 13 83 64 39 43 83 41 5 85 33 65 4 5 36 68 1 59 66 82 87 80 59 1 51 89 98 10 22 32 27 25 18 43 31 25 52 96 6 50 7 19 93 58 39 14 62 95 84 86 76 43 13 20 31 57 58 12 76 91 84 85 56 8 79 38 62 46 
34 88 45 94 2 47 16 49 3 39 79 97 92 49 88 25 4 59 31 59 42 27 51 32 56 6 10 44 28 20 87 61 73 8 64 72 66 54 48 82 82 4 26 86 32 91 12 74 18 11 20 74 63 33 19 73 36 25 25 67 32 60 76 11 39 18 52 71 90 72 83 17 88 89 66 42 5 66 71 26 63 5 11 65 43 83 17 96 95 75 68 71 61 30 38 61 65 49 82 25 65 15 71 62 25 33 47 96 78 75 95 69 82 14 93 69 41 94 94 23 74 97 82 74 6 2 25 72 
24 57 35 41 0 55 23 14 19 65 13 37 34 10 47 69 62 42 25 54 68 64 98 77 77 31 94 96 71 42 36 32 58 82 64 28 1 19 26 72 35 24 1 68 14 35 49 69 44 99 36 90 56 71 72 51 17 41 30 89 2 23 3 42 37 57 17 21 72 14 43 51 84 35 25 44 26 51 91 62 55 19 26 5 92 19 3 15 99 22 87 45 40 6 97 54 41 67 78 7 4 49 85 51 94 90 56 26 53 80 57 91 23 65 87 14 91 22 78 4 57 85 8 72 6 53 78 25 
14 55 86 62 85 14 52 78 30 44 8 90 85 72 9 17 14 86 34 57 89 67 27 55 71 85 73 66 30 33 29 55 10 51 43 40 40 15 33 93 97 3 7 85 1 73 50 81 2 82 70 2 29 65 78 14 24 8 7 11 30 94 35 90 19 99 87 6 48 82 41 78 1 98 50 32 37 63 0 54 73 72 43 6 10 50 3 53 9 96 42 4 70 88 88 67 87 42 17 10 18 6 8 0 29 81 13 46 94 33 91 47 53 68 68 72 64 83 26 81 44 77 66 81 89 86 21 82 
85 14 36 85 49 28 51 93 59 94 36 36 42 82 45 17 49 62 71 99 55 83 64 83 69 72 45 98 11 99 83 87 33 4 15 68 42 22 10 86 5 36 60 91 11 41 7 88 69 63 6 18 98 4 53 83 36 23 9 27 88 13 94 39 99 16 67 13 90 91 3 59 68 1 79 76 56 34 7 57 28 12 79 14 88 94 96 20 98 22 74 18 35 43 62 80 43 62 35 18 4 40 59 68 69 69 76 35 15 68 3 47 65 8 52 5 0 52 77 74 69 4 9 52 73 53 96 54 
63 18 70 38 88 46 53 56 94 57 29 64 52 50 85 84 25 38 56 6 34 85 45 25 72 92 72 53 67 4 31 14 0 75 50 91 99 5 93 91 81 53 79 59 11 42 68 87 92 15 73 40 88 3 99 9 92 7 19 99 1 50 22 74 56 22 96 37 59 20 32 56 43 34 59 36 44 76 51 49 4 36 75 67 83 18 28 45 89 4 87 79 97 82 31 65 49 40 3 35 93 44 45 93 74 25 36 52 7 98 23 37 92 91 30 94 47 18 40 55 35 91 1 9 28 78 62 26 
86 69 86 35 25 90 52 78 78 2 5 7 23 75 27 36 54 83 48 72 68 38 33 9 65 71 19 86 8 34 92 3 87 83 49 67 98 53 96 95 67 87 53 76 20 99 12 47 82 44 80 46 79 15 0 47 25 73 12 68 59 27 55 72 74 63 61 41 66 66 42 65 79 32 83 94 41 27 39 11 52 53 75 97 24 78 32 34 9 27 13 99 19 3 6 38 39 72 52 75 11 71 95 25 39 22 79 27 52 38 6 98 68 12 65 29 88 21 32 95 97 55 37 15 77 46 61 13 
67 15 2 18 94 84 51 80 15 54 82 32 10 91 97 55 10 78 92 50 28 66 26 88 45 66 68 83 32 16 39 88 32 22 35 92 81 49 61 12 86 87 30 27 39 73 41 95 38 64 16 95 22 92 92 26 64 43 59 96 9 49 22 64 88 12 38 65 17 4 84 47 68 94 42 82 11 3 20 65 30 19 40 21 75 90 89 39 18 12 78 72 42 36 54 34 58 30 26 97 42 8 20 23 50 25 57 29 57 77 50 67 88 81 62 0 27 3 70 34 58 49 38 26 35 8 96 17 
95 92 57 28 26 87 73 93 56 30 88 46 54 69 45 88 22 97 93 9 96 21 40 35 43 37 32 54 17 70 21 11 47 54 3 30 70 32 26 85 47 65 40 0 42 62 72 42 65 1 20 18 38 11 19 25 30 15 49 52 86 66 7 23 8 87 74 63 39 47 58 51 50 7 27 83 60 92 18 54 7 98 52 34 49 72 93 76 55 75 95 3 26 68 77 19 66 74 29 9 9 17 85 42 62 33 29 26 14 71 69 67 88 97 73 70 79 46 62 51 0 2 40 60 90 96 55 0 
35 41 89 32 61 75 42 45 24 82 23 84 26 63 55 20 44 62 33 47 51 40 71 69 14 42 83 90 69 7 56 35 42 68 60 50 5 86 45 82 20 58 81 6 65 92 4 52 23 95 5 72 62 92 43 52 61 88 59 79 73 99 92 50 50 10 29 82 54 75 11 66 78 58 25 43 63 30 82 85 82 60 37 15 77 93 40 81 76 10 75 88 97 42 2 43 46 92 45 56 84 0 79 40 46 82 97 48 37 31 55 41 34 92 20 28 81 99 39 96 90 96 57 20 66 25 76 28 
96 61 60 44 39 94 79 63 63 73 78 93 28 28 36 22 57 23 16 5 46 34 99 34 8 92 5 8 25 95 19 37 92 57 36 71 59 52 96 44 17 31 65 37 2 66 40 63 67 72 88 41 92 77 11 5 63 86 16 53 16 88 85 45 3 65 36 14 70 32 32 68 11 26 24 64 0 63 58 33 12 62 63 89 34 75 48 23 71 53 17 91 58 16 64 46 89 60 21 26 93 77 45 73 84 68 55 60 70 84 31 7 93 55 75 11 33 36 0 17 40 12 83 26 3 45 41 92 
33 71 25 14 34 36 42 67 66 0 54 95 36 28 89 27 98 14 24 12 85 26 28 24 86 12 83 78 78 84 34 18 83 14 97 82 14 17 47 96 76 74 8 82 72 35 78 16 43 84 43 9 99 5 46 35 95 95 57 93 26 87 81 77 43 88 19 50 71 75 73 3 43 47 7 91 83 6 71 32 67 44 32 49 90 50 30 7 83 81 25 19 15 40 68 74 10 15 39 97 74 22 27 16 86 3 76 49 4 12 66 37 51 63 45 89 78 80 24 5 24 35 63 14 80 34 97 27 
42 24 70 32 72 40 51 54 62 51 34 52 66 82 83 14 39 6 85 54 81 55 22 77 65 83 14 79 23 33 30 85 93 69 16 38 31 33 74 68 89 47 28 51 73 82 15 39 50 79 43 6 73 51 64 64 25 6 78 12 87 57 36 54 10 51 59 43 70 60 88 15 86 82 59 53 94 65 17 66 51 18 47 97 23 6 0 41 66 96 62 34 64 73 3 61 77 2 16 72 71 12 93 89 11 72 44 1 75 20 43 72 44 52 25 27 28 12 25 6 40 12 94 24 55 93 89 49 
32 68 21 25 27 42 90 63 81 44 62 60 82 16 87 71 0 25 81 29 20 13 36 0 63 43 57 72 70 43 43 1 75 79 27 11 90 90 49 17 75 86 61 24 29 23 17 13 0 34 44 35 47 94 89 96 48 66 73 1 63 76 63 69 1 65 22 25 4 3 37 80 26 48 12 66 41 1 52 97 61 93 62 55 21 56 92 51 84 69 10 41 87 69 2 89 45 50 23 97 60 3 52 67 70 32 62 94 7 13 84 55 4 21 71 84 58 19 23 66 63 12 49 75 19 33 5 37 
68 50 16 53 0 0 19 98 34 92 7 9 41 66 63 36 5 15 64 57 21 31 81 53 31 46 66 93 23 63 15 64 69 97 17 33 88 37 64 26 51 91 84 16 28 83 10 59 88 63 93 62 29 81 34 0 92 56 36 20 55 71 19 40 12 34 56 94 60 93 34 49 44 75 67 48 43 6 77 89 39 76 40 91 14 31 14 14 26 68 9 98 18 96 21 12 54 27 68 57 14 63 58 22 35 29 76 16 57 94 6 11 25 91 53 15 8 3 42 16 47 64 77 62 67 97 74 26 
50 76 5 31 40 29 90 3 86 36 24 94 69 7 61 58 91 40 95 25 86 59 99 99 63 39 70 65 55 20 80 25 9 92 32 29 54 74 34 82 31 69 31 8 65 67 92 80 49 85 33 56 79 95 83 58 73 51 30 83 99 81 26 55 17 37 32 31 70 76 92 0 98 77 46 51 28 47 4 21 16 91 66 6 19 52 65 42 69 48 81 51 41 24 42 89 2 3 17 64 7 72 10 62 26 72 21 16 33 59 0 50 62 71 83 22 6 95 28 68 94 90 93 28 42 20 21 89 
40 11 39 15 61 40 55 74 86 39 11 75 17 43 62 19 30 48 88 64 91 62 14 53 64 33 22 14 27 17 29 16 20 42 45 98 80 17 51 55 24 77 0 61 52 61 20 81 58 42 2 64 22 80 98 80 72 9 13 94 55 57 20 21 11 14 81 95 85 44 33 46 13 71 15 73 83 81 16 47 7 59 39 12 35 20 6 21 53 52 65 81 23 97 73 65 95 3 61 18 35 49 85 80 87 83 37 22 6 70 27 30 44 1 62 98 96 86 75 12 92 43 22 96 24 24 7 42 
60 60 11 76 51 1 85 54 8 14 78 28 22 12 60 78 32 27 36 87 94 67 76 79 49 10 13 68 38 38 50 85 91 58 67 91 26 95 60 58 28 37 62 5 35 98 92 66 16 96 96 12 18 81 58 84 98 11 38 31 52 76 67 45 23 79 90 41 81 81 28 98 8 86 5 80 30 26 35 31 21 42 10 48 80 12 90 63 54 77 55 96 36 57 86 18 30 25 5 61 2 31 6 60 93 41 46 68 10 82 19 81 14 58 63 4 57 60 64 71 29 46 50 5 23 90 45 65 
92 9 49 36 59 42 33 8 88 26 23 95 90 20 84 58 50 94 93 78 17 67 7 38 91 18 72 91 0 11 45 68 13 2 23 53 72 30 53 70 74 32 49 23 60 82 64 32 45 38 88 72 27 53 58 29 88 29 19 9 95 80 72 40 33 58 53 19 49 56 94 57 81 92 60 1 33 0 78 58 71 2 60 96 81 5 87 26 57 74 7 92 29 25 25 68 1 32 14 32 16 40 82 22 6 92 38 37 19 6 45 14 91 9 0 25 85 56 37 42 38 59 46 46 60 88 1 26 
48 29 11 24 41 38 95 41 13 20 18 95 93 59 24 59 47 0 68 36 23 0 40 6 51 24 24 12 27 74 93 48 99 93 13 44 52 85 83 46 50 52 84 19 77 94 87 56 64 3 51 86 27 73 51 0 36 67 33 14 14 74 75 50 52 54 40 4 18 11 81 91 52 60 16 62 46 76 69 78 55 19 60 26 69 40 74 7 47 53 96 4 73 25 5 42 5 84 37 64 43 61 76 16 51 70 86 11 59 54 71 20 53 31 20 97 50 66 97 55 73 7 11 50 61 42 23 36 
60 84 27 44 85 24 44 97 28 40 43 27 95 49 92 31 54 70 0 21 44 3 61 78 54 51 30 8 83 26 36 48 59 25 13 38 5 73 84 1 37 23 26 72 77 53 26 87 42 71 14 16 16 59 50 1 41 20 47 34 55 45 99 74 69 24 12 25 41 18 65 75 29 14 17 59 25 21 28 33 41 84 63 69 86 80 7 19 93 81 12 84 36 56 73 27 93 62 7 15 21 97 7 25 72 45 99 77 59 21 38 63 88 70 54 6 48 6 67 87 83 20 96 35 75 23 72 31 
9 2 29 19 14 20 72 36 25 28 97 76 52 48 5 86 65 3 33 39 19 91 47 16 88 80 75 86 26 39 5 84 64 27 76 48 59 50 78 52 47 42 16 54 66 36 19 49 70 95 73 41 15 67 62 12 9 60 28 42 90 26 40 45 96 71 13 71 75 73 92 58 73 83 40 4 94 10 24 4 25 46 4 4 21 94 97 0 95 41 4 14 54 9 92 69 17 83 39 53 79 99 20 76 34 6 85 94 13 42 69 14 36 55 16 72 63 2 5 62 55 53 26 37 53 61 57 47 
98 43 8 96 64 78 91 85 1 75 36 28 10 53 47 90 46 19 71 71 54 98 72 84 65 80 50 2 27 10 57 17 94 54 53 99 42 23 21 89 80 26 93 2 25 97 32 45 15 82 27 68 70 36 82 61 15 56 48 28 68 29 12 5 84 28 97 63 45 59 14 74 32 41 7 95 7 20 13 75 40 56 44 4 27 10 0 80 59 19 70 40 51 2 92 58 72 65 74 59 96 58 32 6 2 40 51 36 34 33 83 98 57 46 93 38 30 29 57 95 84 29 44 71 77 14 24 88 
43 71 85 92 48 20 54 0 20 5 52 57 5 19 0 53 81 48 41 29 22 27 78 85 58 30 93 49 72 87 39 53 42 34 2 28 92 73 10 1 59 28 5 34 80 65 17 45 29 42 57 46 26 73 46 63 60 10 97 80 56 65 81 35 26 41 81 2 96 42 77 8 37 83 6 64 0 76 46 62 86 28 75 30 92 17 96 61 50 84 12 33 11 27 17 19 20 75 25 96 89 63 96 46 33 84 2 42 82 32 74 55 21 58 77 30 69 3 80 70 71 57 69 82 91 0 76 78 
96 85 28 8 84 30 83 89 60 73 39 72 92 44 35 18 80 10 36 15 62 62 95 86 44 18 82 42 18 57 66 42 65 69 0 12 76 75 5 78 1 42 84 64 75 98 38 2 80 76 45 37 9 94 75 8 38 1 39 76 20 69 24 35 41 45 31 3 44 63 5 4 26 87 38 44 94 79 62 64 28 22 88 41 74 76 87 21 33 92 41 90 85 2 37 71 57 28 61 38 76 10 42 51 21 5 2 0 26 86 16 38 11 28 81 59 87 28 48 9 33 37 0 24 8 85 71 72 
18 72 52 29 16 53 38 53 52 55 1 92 21 46 66 0 50 45 6 79 46 13 5 7 8 65 19 67 5 46 48 76 57 7 29 16 34 18 96 71 17 60 28 69 15 97 58 53 98 85 11 89 31 25 72 71 79 51 16 57 78 77 88 55 39 25 85 34 3 71 84 13 61 50 78 28 1 81 33 55 55 64 39 26 14 45 65 38 96 59 52 22 74 20 15 7 34 59 28 31 80 94 29 86 37 12 13 14 59 60 98 65 25 68 11 5 43 71 8 96 81 30 97 32 28 44 78 29 
17 23 42 73 37 82 6 81 26 88 70 97 39 19 93 76 30 68 25 72 14 77 70 9 31 97 9 46 67 60 43 22 52 66 77 78 96 55 16 69 83 34 99 66 57 92 45 22 6 80 71 58 56 37 11 83 51 90 81 4 61 42 91 98 58 8 98 64 46 29 73 47 28 76 66 82 5 36 73 47 85 38 10 24 7 25 3 72 30 12 87 92 23 74 49 19 93 85 28 60 57 71 30 41 59 36 86 27 31 67 69 49 40 54 68 59 64 60 19 30 8 90 92 77 74 41 88 60 
46 8 70 53 3 71 66 21 54 71 78 63 70 70 59 10 12 44 10 6 81 70 37 72 4 34 27 13 5 15 3 40 59 80 17 55 0 72 75 79 84 75 7 26 54 24 36 51 49 10 46 55 45 9 83 52 12 16 77 89 79 5 98 31 52 24 49 62 6 88 66 5 27 0 27 48 92 59 23 74 67 1 70 76 62 91 47 75 71 36 48 78 5 41 58 43 86 72 2 22 27 45 7 66 71 86 83 6 1 20 81 65 41 1 4 77 25 11 31 36 66 20 73 63 81 21 16 56 
98 41 95 40 16 91 90 14 28 40 25 51 25 12 84 11 11 5 99 61 80 43 78 12 37 69 21 48 17 81 12 97 59 49 50 49 62 23 47 94 66 80 93 18 79 73 80 80 37 89 88 87 39 65 85 59 56 36 22 11 73 6 30 10 55 38 28 57 89 76 57 81 48 74 21 51 62 4 67 97 96 94 99 74 98 42 97 53 93 33 18 39 61 33 4 24 54 42 48 27 26 8 66 61 10 80 3 26 13 12 54 31 62 27 56 34 22 79 1 70 97 82 60 79 78 36 76 38 
76 29 90 91 95 23 90 76 38 65 3 29 21 92 77 3 81 83 1 18 97 42 37 76 63 97 17 78 58 98 36 45 18 99 75 84 41 31 6 27 73 78 1 8 96 51 45 45 87 72 67 46 42 82 84 9 10 78 21 48 26 91 99 54 83 96 48 3 33 92 27 2 29 2 85 76 18 89 9 17 53 42 3 34 36 4 68 74 53 90 31 82 73 3 40 35 41 35 2 2 39 78 59 4 32 46 89 89 28 34 60 23 89 34 41 91 47 16 46 40 17 92 85 72 28 69 14 98 
0 70 71 85 56 97 72 89 75 21 87 45 92 58 51 24 28 58 25 38 57 57 47 37 30 27 67 98 42 86 62 51 33 35 28 59 23 15 5 6 99 13 65 33 17 98 93 18 15 21 97 92 72 43 76 33 74 39 28 80 22 15 27 71 68 53 84 39 27 1 78 29 88 92 23 81 69 75 88 94 56 22 93 81 40 23 36 65 92 74 87 18 95 69 78 85 71 11 45 6 66 87 79 34 19 75 17 29 86 90 81 65 90 82 86 29 28 97 74 5 35 11 75 94 71 30 67 1 
52 3 90 91 74 30 48 58 58 46 82 76 26 51 81 51 86 46 21 66 10 6 65 71 16 63 4 44 2 20 16 70 68 51 99 79 90 43 71 22 44 26 36 57 95 94 17 49 86 85 66 63 54 51 28 72 59 71 96 97 11 56 40 18 98 81 26 77 28 5 58 19 37 82 93 56 36 47 46 3 12 77 23 46 74 80 32 32 71 73 37 10 91 95 15 8 92 19 8 53 4 98 61 32 30 39 58 77 57 62 97 17 63 19 59 27 73 11 65 73 60 17 37 31 70 72 86 80 
78 98 64 88 87 31 58 60 54 66 67 36 25 75 31 74 89 42 0 16 46 50 13 96 24 60 3 87 41 25 78 57 9 0 80 61 43 99 33 91 34 56 7 78 62 63 27 66 33 51 33 78 9 51 5 41 5 88 89 21 10 32 39 56 81 43 53 21 54 32 43 47 81 99 49 66 3 85 22 56 86 68 96 94 24 5 56 7 70 71 53 86 5 58 79 14 57 92 65 34 33 32 47 64 35 14 4 29 52 19 10 71 49 89 14 54 18 30 4 60 11 69 44 66 82 3 61 46 
28 82 20 32 65 20 12 76 50 65 38 78 84 29 9 34 87 67 63 91 72 50 25 29 9 83 9 47 34 18 32 10 34 86 31 72 43 14 94 2 85 9 17 57 95 21 86 28 14 8 12 21 75 94 33 55 72 57 94 75 47 38 48 12 6 84 73 95 52 60 82 26 89 97 99 69 51 96 87 64 68 32 95 25 40 36 73 57 43 92 95 79 31 57 36 36 67 85 91 83 27 3 94 22 38 60 69 2 76 48 59 76 88 61 60 18 39 16 81 38 18 14 74 17 74 88 50 74 
85 7 20 59 82 4 90 43 68 84 63 67 80 47 95 11 47 12 63 65 3 45 39 42 31 72 50 6 2 46 90 20 35 87 7 65 87 5 21 30 25 6 78 72 88 46 66 30 86 54 74 27 41 82 27 76 47 7 7 69 77 84 58 45 43 11 29 11 70 85 20 86 84 88 23 38 39 82 49 11 97 93 10 12 25 89 57 60 79 86 7 80 57 1 59 73 48 43 58 22 30 1 60 39 89 39 79 44 12 25 15 29 58 30 67 46 96 68 66 42 64 76 45 64 58 40 59 97 
28 89 38 95 46 82 92 93 79 9 82 83 76 73 26 31 70 51 5 30 58 48 80 64 79 67 27 3 73 39 83 87 2 10 28 54 91 21 18 12 67 40 19 24 47 71 44 57 39 58 81 21 44 15 74 88 61 19 35 61 10 24 90 43 36 43 27 57 20 42 57 21 2 85 15 82 30 18 96 0 42 32 88 1 78 77 91 69 15 9 24 22 34 76 3 40 73 23 96 49 33 22 90 23 27 83 45 32 63 48 77 39 44 6 82 83 34 23 20 85 56 79 12 68 35 78 2 72 
68 47 79 65 37 67 80 28 21 56 35 28 93 62 36 86 18 32 39 70 72 52 2 23 65 33 68 66 60 79 86 64 1 95 67 69 10 89 3 82 25 76 3 42 74 35 37 23 65 30 40 86 92 54 67 67 32 61 10 84 79 76 78 95 51 82 45 22 82 13 18 33 77 31 51 48 26 65 97 42 72 70 24 17 57 40 26 47 80 93 3 68 74 31 24 28 58 91 81 44 63 58 36 33 69 38 10 58 92 76 84 56 92 28 27 67 43 77 5 81 86 65 40 70 56 13 18 30 
71 52 36 48 2 71 21 53 76 96 19 43 92 62 9 68 93 38 28 11 81 46 12 45 77 53 49 76 23 41 42 93 46 21 80 89 20 14 83 31 18 98 56 2 27 45 48 24 42 21 82 74 89 53 33 94 76 83 32 89 13 46 29 30 20 21 10 97 34 81 15 39 41 60 43 51 25 8 45 8 30 85 14 20 33 64 76 70 65 39 69 97 80 79 46 4 49 97 97 84 44 72 83 19 66 49 4 95 37 90 63 67 35 30 47 22 79 74 43 43 3 43 41 27 43 33 19 18 
46 40 86 9 82 40 66 42 67 34 0 49 43 44 41 46 84 71 52 22 7 70 13 22 45 27 91 40 56 66 30 16 74 58 76 90 96 21 47 6 56 34 12 23 89 16 34 91 37 51 3 36 15 75 22 73 58 78 52 40 2 55 72 13 62 35 11 23 77 81 45 53 9 89 97 49 1 83 84 76 84 10 93 88 28 39 34 9 9 64 75 37 19 14 38 22 87 36 34 33 41 80 66 10 18 87 59 86 71 35 18 62 64 17 34 29 29 69 56 17 32 3 27 30 27 40 10 49 
98 19 64 9 14 7 31 62 84 95 86 57 62 48 43 37 53 39 88 50 25 29 84 82 33 70 67 57 11 4 79 58 52 96 7 68 40 74 9 48 42 34 98 21 56 89 79 51 96 4 80 44 76 14 39 44 78 19 78 79 51 5 47 93 31 54 60 56 73 37 95 32 31 82 41 27 89 11 2 28 60 38 30 51 32 35 79 67 64 71 58 61 32 32 94 60 19 82 81 59 36 47 12 2 36 92 6 77 49 20 75 23 15 74 53 81 8 60 81 23 27 52 11 35 78 28 2 59 
96 12 68 19 94 92 7 41 41 50 96 65 14 72 87 5 78 86 96 92 26 3 51 7 60 85 95 37 55 59 47 2 14 36 76 84 55 43 31 39 99 39 82 50 10 20 18 21 55 22 54 32 12 46 73 16 80 10 93 14 54 49 11 82 98 52 27 83 93 5 28 77 54 25 24 16 23 40 40 51 38 6 97 88 88 33 27 16 2 38 38 67 57 6 44 96 59 67 10 76 45 87 33 6 67 11 42 45 42 52 99 36 54 50 42 96 45 66 9 23 89 10 55 86 57 87 21 31 
47 80 21 97 97 97 60 21 23 17 64 18 73 47 69 31 80 63 95 78 75 79 63 68 38 12 89 72 84 3 75 8 62 29 65 59 42 41 27 12 61 10 70 2 93 89 3 44 28 77 81 11 8 70 33 64 11 55 38 36 24 24 35 74 5 87 68 25 82 30 17 53 97 62 7 39 96 64 50 15 23 67 70 69 18 61 84 17 12 44 10 80 93 67 39 64 34 91 70 6 27 70 24 41 92 95 81 24 19 77 46 2 37 34 98 89 75 9 94 57 69 11 80 12 64 17 56 15 
16 60 64 66 75 99 16 79 56 93 27 3 72 65 13 5 7 79 86 79 58 52 57 84 7 59 56 95 23 73 0 9 79 2 32 78 49 98 38 25 68 93 15 94 78 31 26 76 34 66 32 16 60 81 83 33 72 83 66 31 8 74 49 15 60 88 26 76 60 85 63 50 46 32 4 60 23 82 25 74 49 2 14 12 46 1 40 42 8 42 55 42 71 20 64 67 77 14 57 50 11 18 13 37 49 47 62 34 77 28 14 48 27 38 7 84 25 19 67 56 33 11 15 84 73 84 35 88 
27 53 10 12 39 22 48 95 39 23 36 69 48 12 37 3 90 33 66 63 75 30 1 35 15 31 83 48 95 5 41 56 76 91 58 8 31 61 29 33 4 88 79 96 28 15 73 49 80 82 50 97 29 60 2 63 38 17 98 32 72 74 67 30 37 79 84 98 21 54 87 24 46 21 26 82 70 65 25 68 81 85 3 44 71 5 28 29 40 31 15 32 17 13 96 99 56 29 55 17 5 1 23 12 34 47 89 19 83 83 92 82 73 25 28 50 8 54 94 29 82 67 43 1 91 55 74 88 
86 31 73 3 10 12 65 50 25 63 60 32 93 24 66 8 7 49 44 39 37 85 76 46 87 88 28 78 71 89 17 10 52 95 61 61 57 79 98 84 8 75 17 10 67 2 14 13 14 48 52 38 49 73 62 44 52 9 58 12 93 73 14 43 6 59 9 12 82 18 10 52 3 79 53 67 22 70 90 53 25 91 41 52 88 51 34 51 81 5 11 82 54 87 26 38 51 21 35 66 4 68 0 23 36 9 8 49 98 44 72 85 4 92 51 53 17 13 9 74 53 99 32 86 75 83 48 59 
84 19 95 54 29 93 18 42 69 98 61 2 17 82 87 53 76 33 65 64 98 17 21 21 43 59 54 4 15 3 82 3 76 15 20 98 3 51 34 7 5 23 58 76 86 36 83 75 29 19 98 63 44 29 91 64 51 91 26 4 39 86 98 35 77 71 19 96 71 23 75 24 31 7 67 98 53 16 68 3 21 84 55 93 63 88 10 56 36 86 44 22 94 42 61 83 50 4 60 78 72 50 78 17 96 95 50 66 88 95 94 66 58 85 38 11 88 81 9 56 90 90 31 76 11 46 57 79 
41 49 79 94 78 6 38 45 63 38 54 61 5 72 24 14 8 79 56 50 30 84 3 74 98 85 50 99 62 34 84 34 59 88 75 77 84 44 43 86 22 82 24 26 71 15 9 62 54 51 49 48 50 77 39 46 3 13 12 14 57 97 61 19 92 38 93 18 83 24 5 36 87 75 13 81 82 57 0 12 85 87 72 5 69 82 56 65 39 77 59 41 24 55 60 47 58 99 95 63 10 85 53 35 22 12 87 45 84 76 37 39 76 76 64 76 47 79 82 39 50 79 26 71 13 9 94 64 
57 54 87 57 66 15 93 50 28 60 20 54 62 1 66 33 80 40 60 8 40 97 8 59 18 12 11 58 40 21 5 56 40 38 82 15 25 44 70 32 7 34 79 33 63 54 31 12 20 26 11 13 95 4 84 78 50 71 96 88 16 68 37 87 85 68 77 0 73 74 72 87 86 38 6 41 13 38 73 36 37 84 7 5 19 78 98 94 49 71 25 48 88 40 84 52 70 37 65 29 25 56 48 42 90 29 97 24 0 45 89 42 21 38 58 41 78 60 17 30 3 96 88 55 97 64 44 73 
59 32 50 78 72 10 75 60 4 91 89 65 12 93 89 27 55 26 29 10 12 89 60 46 11 47 5 53 70 65 29 49 31 61 94 16 35 6 76 12 4 95 97 53 46 33 8 40 98 4 96 20 82 43 92 56 27 57 87 23 68 12 51 79 75 30 29 34 71 44 18 5 20 0 47 77 9 1 13 27 23 83 12 80 97 23 7 60 78 31 71 57 25 57 30 52 7 76 61 82 54 23 58 95 46 39 88 92 53 31 11 61 84 31 46 71 59 31 77 37 94 95 79 18 76 81 66 42 
32 54 36 61 22 49 44 39 57 89 34 82 90 84 42 3 79 92 61 2 41 5 79 84 87 30 19 20 98 12 38 13 85 40 63 69 76 17 52 38 42 99 48 89 7 39 20 87 54 90 81 22 7 33 51 33 87 23 66 51 74 29 31 65 25 44 97 22 13 85 69 60 77 72 28 44 19 48 80 29 77 70 20 53 75 73 58 53 69 58 88 75 55 26 89 22 42 60 63 41 21 1 22 70 85 77 61 50 68 58 34 96 89 1 36 30 25 4 84 6 62 8 35 54 93 43 98 38 
10 65 11 48 16 90 11 68 77 94 61 79 21 16 45 89 52 81 88 99 47 16 49 22 24 71 33 76 41 64 89 53 83 45 16 53 31 17 9 15 55 64 74 70 86 47 77 71 19 32 41 75 0 36 38 43 15 14 90 8 64 63 84 26 52 99 6 18 62 77 18 41 83 15 56 12 38 86 50 6 57 74 85 80 86 59 5 29 99 91 90 6 61 76 20 72 91 43 42 63 77 86 78 73 23 84 11 73 88 5 63 65 87 6 15 18 53 18 94 48 35 10 57 48 39 67 63 98 
52 2 38 32 23 76 69 4 35 78 43 37 49 42 50 28 75 22 40 15 65 20 11 93 36 30 62 70 47 46 72 8 62 52 70 53 56 90 9 80 21 16 34 52 2 26 58 47 64 62 39 1 40 93 44 14 14 39 73 61 41 46 5 34 27 6 71 72 81 60 94 17 15 95 68 95 82 51 90 75 4 83 3 55 41 36 89 2 49 69 2 96 81 64 41 55 43 12 38 80 17 75 98 94 97 2 14 94 2 34 34 24 7 51 57 93 66 35 34 24 27 60 33 57 71 57 31 68 
82 54 99 97 42 79 8 69 99 52 34 67 78 0 57 10 26 13 75 2 48 25 80 9 53 97 66 5 92 80 71 50 11 80 57 74 63 48 3 10 20 32 93 42 64 1 62 39 35 31 12 86 91 54 29 11 98 94 6 64 46 21 57 95 22 27 47 38 73 65 25 31 64 44 69 17 97 63 34 66 35 1 68 36 39 51 89 69 6 51 90 44 90 56 46 42 97 26 50 15 25 63 30 84 92 84 94 6 94 25 7 76 28 62 25 16 23 11 49 5 99 73 89 68 60 84 94 8 
72 68 17 13 19 56 65 36 63 14 19 37 85 3 6 88 17 11 76 16 86 71 5 26 50 77 29 22 13 79 23 22 96 50 91 49 83 27 55 32 13 72 96 56 2 80 0 76 40 91 62 30 4 4 48 67 52 40 97 17 60 84 9 15 52 3 28 18 73 58 50 9 15 1 62 26 36 19 12 10 23 55 87 23 60 79 66 40 97 52 22 34 77 34 34 21 62 1 26 98 52 68 12 67 45 93 37 13 65 23 50 84 94 63 68 3 82 90 59 81 39 90 2 54 47 4 33 98 
13 12 37 70 45 74 55 52 8 18 48 22 47 57 63 97 32 25 19 35 55 67 55 40 45 29 79 89 82 98 44 44 99 31 93 94 25 15 96 49 74 19 17 38 48 36 88 48 20 50 85 40 88 55 56 28 46 13 68 18 6 4 50 78 39 42 35 26 67 8 5 34 77 68 84 54 81 59 22 5 0 48 86 38 71 47 25 62 36 5 22 0 60 57 27 83 23 1 78 16 53 64 92 22 15 97 54 83 20 72 76 64 77 53 2 62 34 67 60 55 36 52 63 60 64 77 10 71 
81 86 71 97 60 55 46 66 6 85 66 38 38 31 15 76 30 37 69 16 20 41 91 79 63 36 72 67 45 95 71 2 40 77 9 90 5 48 52 74 68 87 7 88 84 24 53 85 0 18 96 50 7 10 30 10 78 92 4 70 83 88 71 47 36 84 40 50 12 82 41 44 27 18 48 41 43 85 70 19 54 19 87 94 69 60 20 28 41 26 79 93 13 14 54 15 7 4 23 6 38 57 91 93 50 88 59 88 64 23 20 66 50 52 0 94 2 13 28 98 93 11 25 9 14 64 86 2 
47 44 12 1 59 56 2 72 2 66 14 14 8 44 64 96 94 33 35 20 0 85 72 94 10 75 86 61 54 44 72 23 77 10 43 72 69 50 68 50 31 10 62 16 15 8 88 78 16 28 16 8 83 56 69 68 89 71 56 79 53 5 59 15 59 55 30 6 62 27 12 53 75 80 40 71 94 61 30 32 82 98 10 12 18 95 92 49 18 47 76 1 69 50 57 1 51 98 32 23 68 83 71 76 0 68 35 49 50 97 34 70 59 40 59 61 44 51 46 81 43 30 30 65 65 65 11 21 
7 60 85 62 8 40 38 94 82 88 8 0 89 55 2 52 96 70 71 13 19 87 17 73 67 58 22 92 20 91 31 34 44 13 94 61 64 86 85 21 1 85 46 92 61 75 61 92 92 77 6 74 87 29 80 48 4 87 64 71 28 69 62 36 88 47 35 11 28 79 30 80 59 24 24 98 69 45 98 9 86 52 4 48 63 96 19 85 35 13 54 80 87 47 64 74 60 76 68 21 86 17 3 55 14 91 78 70 73 24 16 64 88 44 33 60 10 32 97 31 17 41 66 22 48 39 49 10 
67 63 66 60 67 33 43 12 82 46 28 61 88 4 41 16 94 15 83 97 37 33 75 43 61 29 87 9 49 17 45 33 55 14 37 30 54 15 67 5 9 34 0 37 63 98 48 19 90 53 16 57 61 61 37 63 41 51 1 96 75 40 84 62 57 51 24 17 22 92 94 18 20 75 90 79 46 22 94 63 46 6 83 44 19 65 19 53 17 90 9 13 0 10 67 19 27 24 40 95 89 56 26 95 85 5 95 33 72 51 8 62 39 40 46 71 94 10 3 72 3 97 53 63 18 58 53 37 
80 99 63 49 4 76 72 2 97 48 74 54 36 27 43 98 64 66 76 20 9 99 95 30 24 99 76 79 32 64 50 58 27 70 82 42 55 99 39 59 48 52 91 69 4 60 19 74 32 26 13 0 1 22 70 84 19 90 57 75 44 87 17 14 42 7 7 1 82 99 0 28 59 79 24 92 37 60 51 21 63 69 97 39 68 85 20 18 50 80 28 48 87 25 49 64 89 37 32 9 47 59 89 88 53 21 35 34 72 43 86 63 70 47 79 77 42 14 52 84 49 2 83 52 94 5 77 2 
77 81 74 37 25 76 70 76 57 34 1 35 60 81 94 80 43 23 59 69 33 0 54 92 7 33 28 50 39 74 20 74 73 76 25 19 40 50 27 51 14 47 46 8 40 78 56 58 29 38 30 7 95 65 28 45 46 93 83 44 23 79 52 83 54 3 53 72 76 7 66 21 45 94 63 41 86 6 81 61 52 39 58 15 68 68 26 49 30 21 52 94 63 43 41 31 18 14 84 24 31 80 18 44 49 33 4 51 57 73 95 75 93 4 6 76 67 74 91 6 22 73 31 43 26 79 52 91 
81 55 49 16 33 62 24 78 83 99 93 6 28 52 18 21 20 39 2 51 73 46 17 13 5 74 36 68 30 28 53 86 4 4 97 55 1 49 89 12 60 26 46 39 97 22 64 44 42 52 8 79 0 36 57 55 95 67 93 10 86 63 25 82 52 60 73 93 93 82 22 4 85 34 80 72 25 1 27 54 12 33 44 9 61 1 94 10 89 48 58 5 18 57 30 61 38 88 0 60 5 35 32 59 48 32 17 30 59 90 87 76 88 32 20 48 3 90 12 63 68 26 79 93 33 99 94 12 
40 15 48 18 73 63 67 42 58 33 31 63 10 69 79 15 20 92 46 60 47 35 38 0 56 40 46 4 52 56 88 78 37 69 79 83 79 82 65 99 74 42 89 97 96 29 64 20 16 97 9 98 86 5 81 88 38 50 2 3 53 8 59 22 94 42 71 74 13 69 56 84 4 75 22 76 87 49 18 53 75 50 98 96 97 55 57 91 5 65 11 29 90 17 69 34 33 77 55 58 73 7 14 82 43 46 65 17 34 35 62 23 14 79 99 39 31 54 98 94 9 3 56 54 36 28 87 67 
44 68 80 68 99 29 35 73 30 94 58 47 0 43 30 67 72 50 52 93 67 25 47 97 26 0 77 95 36 60 52 56 26 23 73 1 31 23 61 99 64 92 23 23 59 15 80 81 46 33 89 88 88 32 48 78 26 20 74 27 11 58 61 81 79 34 49 4 98 11 9 61 57 87 46 87 75 49 88 60 1 60 31 34 29 90 37 0 11 50 54 50 14 18 5 48 93 89 52 57 39 17 12 34 20 3 71 77 76 92 41 55 17 42 3 80 71 82 45 67 69 57 74 80 10 45 40 58 
15 16 71 10 35 57 10 53 64 73 66 43 89 60 10 32 37 23 74 33 57 15 36 48 45 43 10 14 98 62 75 78 62 6 89 98 56 43 22 66 99 81 74 70 71 37 71 57 11 6 91 21 91 86 74 87 0 89 62 2 40 27 32 76 33 51 54 76 69 37 46 44 73 99 31 36 27 59 20 46 34 33 34 80 71 59 54 47 31 90 56 62 33 45 21 68 10 96 77 91 42 89 86 50 5 52 80 46 73 20 55 72 90 88 5 8 19 80 56 98 29 11 45 13 67 24 4 64 
23 98 50 39 2 33 16 92 46 51 38 30 18 54 58 82 64 30 62 63 40 61 71 27 13 11 66 19 83 64 47 84 18 40 16 0 56 88 25 13 96 93 58 27 41 66 25 77 19 78 26 40 62 39 76 34 63 88 27 71 34 86 88 72 75 48 44 98 24 87 53 96 41 25 15 11 46 36 12 97 1 35 71 55 47 21 67 70 51 81 75 66 16 12 74 37 68 79 25 91 85 14 12 61 18 55 86 67 75 44 67 65 58 64 5 69 66 65 29 71 16 40 34 15 41 92 32 66 
7 64 10 36 13 23 45 5 90 77 18 72 67 12 34 46 38 96 65 62 62 25 77 55 84 54 86 42 17 20 12 31 77 94 41 5 25 22 75 99 55 14 24 6 27 4 39 83 50 56 79 57 86 36 39 79 78 79 99 53 18 3 13 46 56 69 96 61 81 12 51 98 41 51 91 75 87 83 83 1 16 17 25 80 95 90 9 89 50 3 43 6 36 55 3 79 9 18 14 53 92 41 86 47 83 92 99 68 52 16 98 45 59 82 88 20 69 71 42 56 78 92 73 94 94 35 29 86 
45 13 60 77 83 62 71 1 74 89 83 9 22 20 99 61 73 85 95 25 83 79 14 15 65 94 92 21 77 97 75 94 29 45 43 86 85 81 24 1 83 49 69 82 1 60 15 0 83 36 38 40 22 52 92 49 4 35 95 91 79 56 58 35 90 3 64 45 14 17 83 40 37 25 27 90 81 82 94 56 41 92 52 4 64 73 97 13 33 59 75 77 4 46 75 38 77 91 19 94 7 34 14 9 61 68 79 20 40 68 34 23 75 42 24 87 37 83 36 8 67 59 19 15 70 48 56 35 
82 95 32 39 14 3 91 70 83 70 42 35 37 20 95 33 30 29 71 22 36 77 90 35 81 7 51 73 64 5 49 75 97 84 93 70 60 29 86 94 10 72 76 90 16 73 35 19 43 45 17 47 60 29 27 99 14 64 80 46 10 64 14 74 83 35 97 87 58 14 1 38 1 71 21 25 39 62 87 16 37 3 61 83 74 77 6 14 94 56 36 88 41 92 2 12 59 24 20 63 7 47 49 89 84 30 3 48 7 36 26 23 43 41 94 10 13 66 87 24 44 78 0 98 89 65 75 86 
98 70 28 37 90 67 61 90 38 15 62 34 57 36 32 81 85 12 85 19 82 14 55 40 74 6 45 18 72 62 99 75 9 8 92 1 0 4 95 91 64 78 21 88 57 2 11 29 23 65 73 95 53 67 49 27 30 74 29 91 2 36 54 38 32 25 99 57 52 82 4 24 18 52 73 76 95 25 31 36 51 20 47 53 52 20 89 78 74 18 97 99 57 96 18 76 74 70 67 78 64 15 19 87 92 64 50 9 50 26 15 96 88 26 83 61 16 49 88 65 12 31 73 61 71 35 77 30 
91 98 69 84 67 52 93 52 59 44 70 86 81 71 24 72 56 48 95 80 88 65 55 39 21 12 78 58 42 87 42 76 77 57 29 88 94 94 88 31 73 33 64 79 8 10 1 49 0 31 61 6 33 50 81 5 27 28 64 42 12 53 82 94 72 21 46 34 78 35 79 33 81 40 58 67 47 69 55 54 28 88 67 50 50 16 29 69 27 22 93 46 36 56 8 43 36 92 62 5 77 0 42 35 3 94 45 58 65 97 68 83 98 44 24 18 94 44 15 53 37 85 47 40 60 15 71 49 
54 66 18 54 38 21 6 68 67 52 15 67 64 71 94 89 95 67 27 78 39 43 63 3 77 23 50 13 84 49 6 46 93 36 38 29 66 57 17 56 33 88 79 30 69 63 68 37 65 12 11 40 30 93 67 57 22 4 30 39 84 57 87 43 11 97 34 11 29 65 5 24 60 62 11 30 40 10 18 52 51 71 10 70 24 33 82 56 74 73 29 39 30 13 62 36 80 96 33 0 38 95 15 82 20 70 32 13 39 29 55 44 50 41 35 34 92 6 26 41 47 32 3 42 28 61 56 73 
68 52 45 12 82 12 24 45 3 97 42 24 22 29 19 78 14 40 21 15 81 9 31 53 12 97 47 90 76 63 47 57 23 59 11 25 23 45 35 16 2 49 58 79 81 14 7 53 28 0 7 45 1 33 55 9 95 4 47 96 57 67 10 29 63 5 14 19 2 67 70 13 94 12 27 42 23 55 13 39 4 72 73 74 22 31 90 0 18 52 51 53 29 96 47 29 88 32 89 80 86 48 65 91 88 11 87 65 2 10 73 0 29 97 42 58 78 12 68 40 84 55 91 75 38 66 21 15 
42 59 7 9 5 17 56 67 3 12 54 69 43 94 2 25 76 60 19 6 11 53 39 62 70 78 52 83 10 8 58 14 59 53 61 59 29 27 95 29 90 45 32 24 44 81 81 75 6 12 19 54 88 84 26 98 12 64 11 92 69 77 84 83 49 25 91 57 69 82 82 39 2 34 47 43 80 24 25 19 2 98 46 84 85 89 36 18 19 32 98 23 65 39 90 41 34 33 91 85 51 94 47 94 17 1 3 99 84 47 17 76 26 89 93 80 64 99 44 61 50 12 91 48 25 72 29 71 
50 55 83 18 21 17 84 96 47 69 72 87 79 73 51 55 39 94 88 78 91 7 50 75 15 67 92 52 84 78 32 11 41 26 22 67 89 60 96 26 58 38 41 41 3 15 66 23 93 74 28 10 55 99 55 0 56 33 0 88 35 77 68 89 81 29 26 77 86 90 3 79 78 80 97 58 41 4 6 96 7 38 36 60 41 31 52 92 58 66 75 54 39 92 77 96 64 49 17 5 57 10 82 0 30 78 78 31 89 4 96 27 33 11 83 63 67 7 63 35 17 4 64 96 53 13 37 4 
94 12 81 46 51 36 70 41 73 18 64 15 17 68 81 19 65 92 69 83 68 78 98 89 39 19 25 10 50 78 64 93 68 24 96 48 28 79 31 85 29 4 52 68 13 24 55 39 5 75 15 34 6 72 12 86 68 31 24 49 96 70 55 33 61 49 95 1 50 47 3 93 8 30 73 88 59 34 69 89 70 50 37 32 31 86 56 76 74 28 56 25 17 86 23 85 74 40 24 58 13 33 52 23 86 41 34 14 86 66 12 93 57 15 27 27 2 71 1 85 92 37 38 90 23 51 97 43 
74 31 33 21 65 2 54 16 22 46 13 90 11 0 79 4 71 28 92 12 56 52 80 40 68 36 40 8 42 53 17 11 61 98 10 14 39 46 2 75 56 79 96 59 51 8 86 90 55 72 76 89 49 86 12 19 60 64 40 14 98 21 11 47 6 5 6 78 7 71 36 27 32 5 11 29 73 72 85 27 56 30 21 7 61 11 62 96 16 91 98 78 49 7 83 55 19 38 92 10 7 51 69 44 24 95 38 27 59 35 53 36 92 40 42 67 19 55 46 49 13 89 78 63 49 33 72 38 
95 81 72 59 41 6 53 47 64 12 51 2 34 84 76 12 31 9 50 4 42 16 97 99 79 84 32 75 93 56 2 49 23 71 8 76 99 6 7 67 95 65 87 2 13 12 8 95 79 23 85 6 21 37 50 76 23 98 92 65 62 2 13 52 8 42 79 48 15 80 15 63 83 67 13 69 54 83 25 70 42 59 41 65 0 2 36 14 95 97 86 10 23 98 98 99 60 96 81 49 94 8 56 88 27 77 64 13 8 45 58 20 5 71 92 37 98 97 42 22 4 90 88 77 89 97 56 36 
29 87 15 48 34 33 28 49 41 60 71 15 10 20 85 4 69 25 56 77 42 17 6 71 84 47 72 7 52 90 20 37 18 45 26 87 21 14 67 7 15 99 21 78 56 62 59 95 59 41 29 76 43 87 37 97 13 25 28 34 35 67 52 26 93 80 81 33 92 42 73 96 95 2 90 68 66 20 95 58 43 42 48 4 40 77 8 26 64 69 39 15 27 58 12 22 77 6 42 96 2 66 40 67 6 82 32 9 42 86 98 73 3 11 77 29 9 24 8 96 20 70 26 7 71 65 37 65 
95 63 87 2 7 36 99 6 96 62 99 80 20 67 50 50 24 77 84 90 96 15 26 26 53 8 67 57 56 4 57 20 75 40 49 75 58 22 57 29 55 30 6 10 84 40 54 23 94 47 47 56 4 6 24 59 67 7 87 19 25 34 49 10 6 68 86 90 86 60 11 4 48 97 92 84 80 29 8 60 75 49 72 6 91 26 16 31 30 93 74 2 32 58 34 36 24 16 65 27 43 62 79 14 15 19 54 57 49 61 56 27 33 45 93 27 82 46 87 45 41 28 84 87 44 27 14 99 
20 89 59 31 14 95 36 30 63 73 67 38 49 48 2 23 90 96 98 71 88 69 86 48 29 32 80 31 90 92 92 37 8 87 80 92 37 42 48 48 11 64 4 48 63 10 70 52 31 21 50 85 86 51 60 50 20 20 5 48 78 32 87 39 46 22 50 7 15 63 76 55 16 87 11 6 27 82 3 8 5 95 92 89 20 0 28 45 31 99 55 1 7 31 27 72 52 40 26 49 16 13 18 8 25 24 4 78 94 31 47 92 97 32 81 43 83 37 75 76 6 20 74 3 13 83 55 69 
41 8 72 60 54 87 54 85 88 47 29 54 6 21 26 40 55 46 15 68 39 79 65 26 75 99 15 42 73 12 51 7 71 96 95 0 94 4 74 80 79 86 67 64 85 93 86 81 65 72 22 11 88 72 18 12 2 26 8 67 49 23 75 37 86 21 77 10 67 43 75 1 40 70 22 66 90 39 85 29 14 22 33 45 6 47 74 76 69 40 12 36 69 35 21 66 33 39 0 82 92 33 11 13 54 54 89 98 5 94 54 66 64 7 7 49 92 94 44 97 38 76 90 16 95 46 8 26 
75 73 57 59 87 34 59 2 7 3 66 56 58 41 86 45 31 44 5 30 62 30 3 14 24 15 71 87 98 0 92 37 29 37 97 10 71 2 81 78 33 27 29 95 5 41 18 49 54 18 74 5 40 12 79 57 6 39 32 52 97 79 55 65 39 26 86 14 32 65 47 9 87 55 35 20 30 52 20 88 91 45 55 14 87 18 25 92 2 55 38 51 42 33 23 27 32 65 21 0 91 2 68 36 28 33 84 33 23 64 4 70 51 7 24 34 64 9 27 72 34 84 15 27 55 37 31 63 
85 27 10 60 49 73 88 48 67 35 48 90 27 83 73 90 29 14 5 79 96 0 58 32 54 84 88 24 29 31 47 59 93 39 77 74 10 25 59 47 85 65 40 87 38 45 38 38 68 72 65 93 27 9 90 78 98 65 62 65 95 9 84 69 39 38 61 20 51 68 43 94 32 29 16 49 82 62 84 12 54 12 83 97 70 82 27 4 90 95 15 69 31 7 4 20 97 81 4 56 5 81 58 63 70 96 83 40 71 6 51 27 10 38 17 15 38 73 27 49 65 42 71 58 42 64 23 58 
63 42 92 33 6 25 11 60 2 30 64 0 69 84 39 63 84 37 38 84 73 18 56 33 85 8 37 68 60 68 78 29 33 3 42 35 96 58 14 48 30 20 10 15 67 24 72 79 63 76 48 88 78 7 35 54 28 15 9 5 64 26 30 60 60 80 72 36 51 66 33 68 34 70 71 77 94 55 70 73 37 93 27 82 12 18 35 21 84 73 57 80 39 3 31 45 8 52 10 84 14 85 80 29 96 79 93 77 4 24 71 44 63 56 73 45 40 30 16 75 80 90 0 24 53 47 42 21 
62 5 56 59 33 75 17 3 77 40 16 26 0 32 24 79 0 20 54 96 59 26 57 71 88 81 33 29 79 7 89 16 41 75 47 46 71 70 25 78 55 60 50 28 4 68 71 79 84 51 39 80 17 83 69 2 5 86 60 7 4 48 88 37 47 61 14 1 66 60 52 10 60 97 28 19 79 17 12 87 70 14 85 38 34 87 43 34 90 76 16 47 35 32 68 3 10 45 10 98 73 21 57 15 43 38 82 52 1 39 17 98 57 34 33 32 46 80 87 43 42 99 99 75 94 69 46 72 
32 6 34 76 30 83 26 99 9 2 21 33 90 26 84 66 63 86 6 74 78 54 41 35 22 93 49 80 66 1 14 56 95 13 3 58 4 46 43 4 65 35 16 70 1 60 15 33 20 7 89 76 44 36 41 92 6 93 39 59 41 96 61 72 82 62 70 14 83 45 44 1 61 92 57 38 58 84 86 58 44 97 48 4 81 71 9 81 44 96 66 93 44 36 69 24 56 43 37 36 15 4 22 59 53 99 79 25 8 22 26 3 19 92 88 19 21 26 78 86 81 60 68 95 58 6 87 60 
84 0 7 65 95 79 1 72 36 38 25 20 98 99 76 27 61 99 96 42 83 28 73 90 51 68 24 83 84 5 47 66 2 50 10 47 13 81 74 95 67 49 62 92 49 20 91 16 58 8 71 83 29 90 33 18 60 3 46 14 56 91 47 68 93 71 35 87 50 21 63 27 73 61 6 10 65 44 88 77 94 32 46 21 8 82 92 60 34 5 32 64 31 48 16 31 93 89 82 70 21 32 87 85 61 96 38 27 87 71 83 64 71 80 99 0 55 62 49 18 67 7 92 75 39 99 20 78 
38 9 46 62 37 66 63 3 9 55 9 22 92 56 61 99 95 53 92 83 72 81 94 81 86 41 71 47 85 64 82 34 3 83 78 97 50 96 99 67 3 65 81 71 29 95 77 7 69 85 73 47 79 35 72 9 4 6 23 38 3 3 50 40 89 29 39 42 18 11 64 68 78 4 83 86 92 22 11 89 43 30 33 42 35 89 32 26 39 52 67 20 77 95 13 88 73 15 19 5 53 64 13 77 27 27 31 5 2 20 30 20 13 9 40 9 56 93 71 66 10 38 79 98 19 73 28 98 
11 66 69 45 27 29 30 20 42 77 19 97 32 28 65 16 3 44 4 80 79 76 48 27 28 44 3 72 87 6 86 76 28 33 54 75 97 48 89 20 81 1 2 1 16 44 6 88 50 93 44 13 71 82 36 94 9 88 45 50 6 60 91 96 84 55 99 37 73 54 67 19 60 20 5 73 40 47 62 33 18 68 23 66 78 25 87 58 96 45 99 11 54 62 33 86 30 27 28 48 55 28 36 39 57 14 24 83 57 8 72 10 69 80 4 70 86 80 56 1 1 97 39 86 55 55 81 93 
32 6 34 24 46 46 77 74 72 99 13 15 75 90 18 47 66 3 63 37 0 7 1 62 48 48 88 26 71 56 44 61 1 48 66 74 18 39 49 77 30 2 54 63 29 68 39 75 65 14 22 19 53 54 51 6 37 46 92 33 20 17 74 76 83 22 82 46 87 37 10 84 22 91 13 66 59 65 34 39 7 40 27 7 85 14 11 20 91 8 48 35 55 80 2 21 72 28 88 77 74 57 70 85 59 58 77 58 58 4 21 90 73 78 70 7 69 23 6 20 2 47 29 59 11 93 64 98 
32 91 59 52 80 10 59 47 73 29 69 47 81 41 54 32 40 25 92 44 25 24 5 26 58 54 35 18 13 55 44 48 28 67 48 14 57 11 16 79 6 44 41 63 94 7 52 47 62 95 10 36 47 19 81 25 59 52 8 35 81 43 74 37 30 58 66 64 84 25 55 21 30 95 19 95 69 43 29 53 0 55 67 61 34 0 97 48 14 69 44 1 77 9 3 41 81 42 89 19 58 32 48 62 38 70 63 20 16 78 72 78 18 11 0 59 67 71 79 19 15 59 26 17 24 17 80 7 
56 8 11 64 91 62 32 8 26 38 78 50 31 40 22 13 67 10 7 79 28 92 25 7 34 91 78 81 99 46 38 20 36 86 32 53 1 19 19 85 62 4 37 98 94 55 4 87 1 74 89 30 58 76 92 62 88 13 24 56 8 62 29 47 69 22 14 50 26 76 96 36 96 13 51 11 50 68 78 58 89 10 76 69 14 29 77 43 4 34 14 85 68 32 53 78 63 72 76 41 29 44 6 53 9 77 14 22 78 83 37 30 31 49 11 19 3 3 77 98 37 79 62 79 72 37 97 50 
9 75 75 71 45 1 63 69 14 69 16 51 60 44 38 24 70 66 91 39 71 62 20 3 47 90 59 46 27 86 36 2 24 19 59 61 41 25 19 14 4 94 27 28 72 33 5 25 67 58 64 64 20 67 89 15 60 59 85 90 25 70 16 97 68 71 55 73 94 38 17 14 99 85 4 78 21 33 53 61 73 97 43 8 84 37 7 84 42 85 2 28 98 32 59 97 71 64 54 15 1 66 50 72 88 16 84 71 97 98 77 63 74 68 80 28 21 65 23 70 15 38 40 61 81 43 39 2 
50 74 58 81 95 54 3 83 8 68 74 92 34 71 36 13 29 38 99 85 43 49 51 0 9 54 42 92 56 1 19 20 55 45 87 81 14 85 37 64 94 87 86 78 55 14 90 83 36 36 12 90 83 56 93 1 41 53 76 41 44 87 74 54 71 82 47 92 18 42 43 62 99 97 70 24 66 41 1 15 18 31 1 85 29 52 20 4 52 17 33 10 37 2 81 3 64 14 28 73 21 79 59 51 87 87 74 37 61 8 51 11 90 61 66 84 10 49 6 23 41 94 48 1 12 60 20 62 
31 77 58 80 95 76 73 58 64 71 39 13 77 60 42 80 68 88 20 79 52 87 12 25 66 71 6 67 26 91 83 68 14 87 36 5 60 6 61 18 32 44 15 88 30 61 90 50 91 41 91 26 43 53 44 97 48 1 47 95 35 26 16 36 4 79 11 78 6 78 70 87 49 88 78 73 60 45 21 19 23 50 99 52 23 41 19 76 80 85 1 9 66 44 63 47 4 36 53 15 4 58 65 76 11 96 41 20 12 20 75 36 52 11 62 77 73 69 25 12 1 45 6 34 27 11 29 68 
79 10 66 73 32 21 91 50 37 38 57 32 86 17 80 62 13 86 25 91 52 44 3 25 43 29 9 39 72 70 90 95 94 4 52 30 95 51 53 98 52 56 74 95 47 56 48 51 75 81 81 70 91 54 44 34 0 45 3 62 40 41 3 7 57 98 18 29 52 41 18 82 33 97 13 93 32 20 63 2 48 88 87 8 65 53 52 67 70 48 5 37 6 74 22 18 7 55 38 24 10 48 94 91 46 34 75 55 68 27 56 24 86 8 89 78 93 52 69 26 90 15 94 42 17 77 21 44 
85 7 67 82 88 38 19 35 86 13 0 13 43 10 62 51 29 4 48 87 42 95 1 86 80 95 75 88 53 51 53 73 61 93 37 5 29 72 5 8 16 50 53 27 79 44 75 41 67 19 0 19 30 78 48 55 93 93 25 1 59 89 82 33 0 29 4 20 92 35 36 60 53 16 51 78 97 83 42 74 54 36 34 24 70 36 59 68 9 67 49 23 58 61 77 99 26 35 57 21 29 70 74 79 76 73 30 5 11 45 48 5 92 34 66 81 11 32 38 78 10 2 31 31 25 12 62 20 
32 16 26 45 91 83 41 37 50 12 42 8 61 9 22 8 13 56 26 90 83 45 86 64 3 71 66 39 22 71 74 74 36 62 25 4 80 26 78 74 15 75 41 77 13 99 42 71 1 92 7 9 38 20 78 67 83 55 17 37 85 46 77 40 38 98 83 73 93 57 46 22 74 20 56 25 8 93 60 72 99 29 10 72 3 98 59 30 53 31 21 3 98 62 0 58 31 38 6 53 79 34 43 64 42 52 24 2 34 84 54 51 75 39 96 51 39 36 55 75 70 79 49 0 5 58 50 57 
14 76 35 72 7 10 70 17 10 60 98 39 53 8 90 82 41 40 74 56 37 43 43 82 38 31 69 1 67 4 71 35 52 38 28 15 81 79 99 27 51 15 66 86 33 67 72 29 94 39 82 73 12 42 34 99 33 24 55 18 32 15 60 6 10 38 53 95 44 45 51 7 49 73 13 39 3 19 29 81 8 32 78 82 58 9 62 95 60 89 97 49 63 34 39 90 76 65 97 35 50 95 16 48 87 63 54 70 99 69 52 19 19 1 67 25 29 27 95 38 87 7 26 37 27 83 65 3 
8 80 98 93 3 10 29 75 55 52 3 88 85 0 0 62 84 90 17 80 64 38 77 15 37 84 52 36 42 19 45 79 56 51 6 7 84 98 29 83 3 77 62 71 99 41 50 86 92 29 37 92 98 87 80 13 58 80 20 94 22 17 58 34 32 36 11 47 26 54 58 92 32 69 88 87 6 98 7 52 47 18 46 32 70 24 41 44 92 77 70 91 58 27 56 73 21 32 61 97 2 80 79 27 9 54 85 75 24 14 83 98 82 92 10 40 46 27 45 26 95 36 70 84 95 70 32 76 
23 94 86 71 92 76 97 32 24 62 75 50 8 87 49 75 99 77 50 34 21 79 0 44 73 57 15 47 49 62 29 62 26 26 24 26 50 83 10 38 67 23 27 1 52 51 19 28 85 99 74 6 14 70 16 0 93 51 79 16 85 57 81 24 17 98 36 99 53 63 60 69 86 2 93 87 58 2 45 47 88 40 28 12 31 34 12 89 69 29 51 50 91 3 8 23 28 59 13 82 12 86 29 2 95 22 11 21 90 57 32 32 66 33 80 41 94 5 79 5 99 36 52 39 14 44 90 52 
30 65 15 29 33 95 72 54 59 18 49 8 89 71 48 92 38 41 74 75 29 93 72 34 15 49 31 16 62 39 53 45 48 90 43 77 7 0 87 33 52 75 37 93 45 99 14 43 16 40 14 18 61 55 22 37 50 22 70 77 48 67 38 92 79 28 92 58 13 95 51 58 70 54 6 6 13 80 19 62 64 85 18 39 44 8 82 59 27 90 27 72 42 32 4 72 68 85 9 70 61 18 13 56 32 39 42 61 26 25 78 50 81 48 70 4 41 94 28 70 11 68 77 83 75 37 44 76 
52 45 99 55 58 14 96 77 60 85 26 73 73 31 1 38 45 22 76 71 72 6 18 33 55 89 1 12 95 94 88 0 0 4 96 14 58 78 92 41 46 78 64 0 10 79 90 19 24 17 6 1 18 24 43 25 23 7 87 27 7 79 77 56 84 3 30 64 19 99 47 37 83 36 58 51 83 2 80 48 76 81 6 53 49 23 3 92 90 94 23 77 81 37 55 84 84 77 30 55 28 35 48 14 56 2 52 35 0 8 8 24 55 38 65 12 51 23 34 65 82 34 95 99 4 51 34 24 
43 22 11 33 32 72 22 27 49 54 75 82 7 58 43 48 18 24 12 68 37 59 38 57 11 33 87 7 37 27 14 86 58 65 72 10 95 57 43 68 31 82 35 92 93 43 5 11 41 20 48 0 76 6 21 5 33 85 45 68 65 23 7 51 45 16 77 43 12 31 31 72 47 4 22 18 55 57 34 34 96 67 18 43 52 42 26 35 69 35 90 51 44 40 98 75 97 34 75 79 36 85 44 70 4 53 6 78 1 94 31 12 99 21 87 72 48 70 60 20 78 27 62 69 61 80 54 87 
94 20 21 98 86 13 30 56 37 80 40 10 2 43 63 95 28 58 57 51 62 32 19 77 10 53 30 34 8 65 15 37 51 89 49 55 12 0 4 94 98 61 95 13 38 47 91 30 30 81 28 25 83 21 94 45 19 88 77 80 79 92 42 75 36 90 85 84 93 66 44 76 90 56 93 63 88 35 26 77 57 97 73 80 84 59 60 78 93 90 60 79 3 89 92 94 97 79 98 15 51 7 48 30 34 9 14 73 92 11 36 97 78 71 92 83 36 99 12 74 19 83 23 20 34 69 8 80 
67 42 53 57 26 96 64 38 17 17 61 28 40 16 47 6 86 91 75 32 74 25 63 61 98 76 68 9 4 42 2 20 74 7 8 25 15 27 9 69 84 2 29 18 4 83 47 1 94 12 36 88 79 26 65 79 53 49 73 49 3 34 5 10 12 92 99 53 82 72 50 14 79 50 69 71 95 97 94 6 6 5 9 72 60 56 78 92 34 92 23 82 63 71 71 41 50 82 94 71 58 67 15 45 85 86 59 60 18 14 36 93 54 22 24 48 74 44 29 44 32 8 24 28 49 23 64 93 
0 80 85 13 23 70 97 94 87 18 95 96 27 68 50 73 34 63 31 71 27 43 29 66 79 72 69 34 49 48 33 93 62 85 65 61 61 51 94 82 37 35 12 45 12 71 66 51 64 70 56 27 27 11 80 96 15 46 86 49 56 65 53 84 12 5 52 70 75 38 17 48 85 93 12 67 20 47 8 48 84 95 44 62 21 58 15 33 9 6 53 17 50 17 97 65 79 78 23 37 41 48 18 37 0 38 16 6 65 24 76 61 23 90 28 3 73 36 71 41 31 13 23 11 74 41 54 82 
27 32 58 56 41 4 82 39 95 67 66 8 10 79 98 61 27 48 77 81 11 18 11 25 4 92 20 66 2 80 61 11 57 67 2 84 97 31 74 64 71 52 38 85 97 93 92 5 45 92 25 34 62 64 5 36 71 43 83 14 34 50 42 48 19 77 66 66 61 38 9 89 36 21 64 43 33 67 3 89 91 25 18 72 13 33 83 33 24 36 8 77 73 98 7 92 51 85 43 85 3 65 68 86 68 69 49 12 83 99 20 40 67 26 79 98 67 39 70 73 29 95 68 33 7 97 78 26 
44 80 25 96 18 78 82 22 81 93 52 96 6 21 54 80 10 96 96 68 26 80 87 15 55 70 62 84 13 8 10 24 54 59 84 49 99 26 62 83 58 75 48 36 42 35 98 82 62 11 56 54 48 64 61 8 33 18 82 69 29 13 52 61 81 86 42 99 63 1 14 53 57 16 89 81 63 77 68 58 7 76 60 77 52 73 22 41 22 22 30 72 36 40 48 43 27 7 43 81 81 76 37 49 86 55 52 77 31 25 77 83 14 2 9 36 61 66 80 43 55 31 29 51 1 31 82 0 
12 57 35 38 50 80 11 87 17 33 19 27 26 63 61 67 36 74 20 54 66 5 24 35 9 41 11 78 93 33 94 44 99 13 86 53 43 80 63 71 81 61 83 67 33 8 85 65 18 5 67 18 74 57 18 18 47 99 83 32 97 76 14 93 11 19 5 17 29 51 45 3 10 61 89 25 50 81 20 44 39 67 23 55 85 58 85 78 69 22 5 28 82 6 94 89 48 90 56 56 67 16 19 85 51 49 93 11 17 62 17 32 48 33 84 53 54 83 76 4 53 61 99 48 51 88 19 55 
90 52 90 50 88 81 68 53 62 63 19 51 8 19 12 17 28 83 97 36 56 3 91 67 74 80 6 32 94 47 79 44 60 0 83 70 51 74 26 25 78 62 59 68 60 52 64 32 13 67 20 53 26 64 91 48 44 92 88 55 85 61 98 90 4 85 42 53 36 8 87 59 88 28 10 84 36 37 28 62 62 52 54 36 31 30 99 70 69 52 96 34 26 22 33 61 34 12 43 22 4 43 3 86 39 75 72 8 50 25 45 8 10 71 89 62 24 41 66 45 60 98 55 61 59 5 41 81 
75 50 11 67 18 15 19 67 29 15 75 61 87 49 9 39 26 63 85 0 52 6 52 34 81 23 98 30 59 72 81 83 91 21 11 68 81 38 63 39 98 97 79 8 71 14 47 77 54 21 42 80 6 2 49 65 16 75 38 89 79 61 48 25 61 16 44 65 93 21 49 98 89 72 44 13 11 58 79 30 73 54 6 65 61 67 77 87 4 38 28 50 20 59 21 46 81 29 38 91 29 39 23 93 30 51 76 69 78 49 49 74 39 24 36 77 63 79 8 59 91 33 19 38 86 32 65 31 
70 81 90 59 16 99 73 91 85 4 52 41 25 96 48 47 95 63 69 71 44 73 42 35 60 29 34 37 36 24 1 12 72 50 82 87 63 81 60 91 28 48 6 63 64 49 88 87 14 92 92 91 14 51 83 52 99 4 14 2 13 52 77 9 91 7 28 23 43 61 7 24 76 18 23 81 58 28 7 17 91 76 17 50 25 52 92 73 22 54 14 61 82 74 61 35 1 17 0 99 98 3 3 61 70 30 41 39 48 64 21 75 72 18 44 83 58 54 29 15 92 17 4 9 0 83 18 77 
35 21 73 21 65 25 74 29 23 77 30 93 36 70 49 15 82 19 72 0 17 1 7 37 88 16 35 53 14 59 71 18 88 19 14 28 61 40 90 3 57 29 95 9 8 53 4 26 82 61 45 63 19 40 39 79 14 78 17 98 58 93 25 59 34 85 88 91 21 49 50 33 94 0 60 28 20 80 74 27 82 10 21 12 54 56 41 93 53 71 14 87 97 10 93 16 21 9 81 18 64 12 36 76 87 50 66 52 15 29 85 43 62 83 34 67 61 6 4 79 55 10 72 33 39 57 13 20 
52 28 58 92 34 35 57 26 41 79 11 55 66 67 19 28 18 83 39 46 70 59 50 19 67 91 80 11 84 26 40 16 89 55 32 37 23 72 71 81 61 80 90 25 15 74 59 8 81 30 10 48 35 98 79 99 46 27 18 79 31 55 7 72 5 41 72 59 29 67 95 47 50 67 42 7 31 81 0 92 58 41 93 53 75 86 19 9 62 47 96 90 55 0 78 56 61 14 58 41 4 8 28 39 98 10 90 51 99 25 18 77 87 79 53 24 48 10 59 32 35 71 59 78 0 32 27 43 
