77 70 67 26 70 70 39 92 17 96 13 47 19 5 83 83 25 39 5 31 16 22 0 81 36 0 42 56 1 54 58 89 2 58 61 26 24 71 2 32 68 13 28 73 42 2 59 85 8 51 22 5 29 62 64 77 49 95 39 19 26 99 9 86 
34 55 60 24 79 34 41 19 40 2 84 34 87 73 72 78 35 31 83 75 99 71 6 33 27 57 76 57 16 74 83 17 66 59 65 11 19 98 96 0 60 19 65 39 6 28 14 21 23 70 72 1 19 33 34 29 40 20 60 27 30 49 64 15 
60 57 30 27 9 94 78 27 78 9 20 34 81 64 48 12 1 22 11 91 60 47 74 73 28 79 5 56 86 56 30 66 48 51 85 40 86 43 71 24 71 88 44 80 63 96 85 77 93 39 60 95 18 1 95 65 58 97 85 36 5 75 60 7 
50 61 95 96 17 23 4 89 90 73 37 94 80 77 75 53 76 71 72 42 32 1 73 17 82 51 99 44 9 51 39 23 53 59 61 5 63 12 28 64 99 83 19 77 41 40 26 23 78 19 37 37 70 45 35 91 16 39 12 36 9 3 2 0 
59 66 62 61 11 75 22 72 32 95 28 77 92 85 57 25 47 60 90 23 89 87 0 39 71 5 90 35 22 23 4 69 26 17 60 45 72 83 7 19 64 95 99 62 9 94 79 69 8 42 65 32 86 67 70 11 63 60 47 44 61 47 57 38 
88 32 39 36 43 11 37 94 55 53 77 55 62 18 39 12 76 90 59 35 44 25 89 52 93 48 98 56 42 16 28 46 54 30 29 88 84 64 28 72 25 62 62 95 22 65 7 17 38 89 34 42 30 47 68 13 16 26 70 58 81 46 57 51 
69 79 81 65 67 67 32 49 49 64 60 61 84 71 21 37 26 93 12 78 11 63 96 85 67 99 82 65 49 66 22 28 82 27 53 26 30 13 9 63 80 65 46 70 28 39 75 60 96 94 25 61 87 70 45 40 43 35 98 43 14 71 88 88 
86 94 16 62 7 51 64 53 94 84 63 36 67 0 35 58 4 52 26 82 61 97 1 9 82 84 89 72 83 29 15 34 61 23 98 95 89 36 46 79 53 3 22 70 18 43 65 75 28 91 21 11 45 32 83 55 55 52 77 94 72 38 75 61 
62 85 98 91 90 63 9 1 51 20 54 98 63 80 48 42 38 90 92 2 26 27 93 63 63 9 93 96 91 13 42 55 52 85 67 88 74 39 35 95 14 30 40 73 50 47 60 48 75 86 48 6 83 66 81 0 89 84 91 73 75 6 91 58 
9 55 78 13 39 85 44 82 44 71 97 74 94 21 40 59 19 8 27 70 17 55 38 51 83 20 95 76 39 17 53 38 72 24 68 12 22 16 30 21 46 23 0 71 72 4 94 89 25 63 20 60 44 76 85 84 59 3 35 41 5 27 73 63 
30 92 29 38 0 88 29 62 76 85 24 23 72 97 10 21 83 26 93 64 26 2 44 35 91 6 3 62 60 48 82 38 35 26 65 59 73 35 38 84 79 28 32 33 72 41 64 3 74 20 95 37 27 86 83 73 87 53 93 60 2 50 71 24 
22 55 29 95 89 36 70 90 7 16 30 5 28 0 91 19 56 89 64 75 17 75 76 62 77 34 70 48 49 95 70 93 57 23 33 95 61 95 66 72 67 21 57 25 90 44 77 52 87 24 79 4 19 37 57 32 29 10 33 7 98 86 89 59 
55 11 17 19 86 63 7 14 63 33 84 76 24 92 14 95 35 2 86 65 1 28 70 88 4 43 54 20 60 60 85 68 55 98 32 50 81 99 41 92 85 85 57 21 10 20 33 57 12 10 2 78 4 24 47 62 80 34 93 47 84 63 64 35 
10 69 69 6 54 59 83 80 35 78 61 23 62 95 52 92 23 22 97 2 45 17 13 3 44 14 68 50 72 37 7 68 50 12 79 64 49 0 10 41 85 43 89 54 64 53 6 66 53 90 20 20 34 8 93 19 14 40 49 79 32 2 86 34 
37 59 42 58 79 77 15 69 73 42 45 29 16 66 17 38 80 44 86 96 54 30 53 25 4 49 56 68 52 41 86 4 48 19 35 84 19 11 45 31 55 61 36 40 44 31 36 33 98 6 96 98 0 5 99 92 25 87 10 9 72 78 24 86 
52 86 8 4 32 32 10 28 71 84 57 87 82 32 27 30 56 9 45 45 52 36 88 94 26 50 18 34 17 21 34 83 21 88 63 67 22 12 29 60 8 70 97 24 60 48 15 19 28 56 16 53 81 21 94 24 17 40 74 13 66 23 28 99 
66 63 54 57 72 36 74 19 54 34 42 90 12 3 85 92 89 27 95 34 61 67 77 87 30 96 97 31 28 31 74 59 12 57 79 7 56 44 46 20 52 21 96 65 76 10 58 84 7 29 18 47 32 17 46 18 23 61 19 36 47 88 33 53 
18 32 33 76 86 12 2 74 14 25 8 35 91 88 2 17 91 61 31 89 57 29 65 21 77 14 74 20 1 31 22 19 27 22 11 34 50 2 30 56 83 95 42 5 45 2 57 9 49 63 59 81 62 86 88 81 12 4 27 4 26 39 88 53 
91 93 93 74 34 54 36 17 65 14 79 79 25 12 48 1 54 45 17 37 35 17 53 52 5 4 98 11 33 92 40 0 25 64 38 77 32 89 70 64 20 52 16 80 1 90 31 52 95 43 59 49 20 94 33 56 70 30 34 46 94 80 77 54 
30 44 64 88 62 47 1 0 96 30 88 99 46 30 66 79 44 36 25 46 38 73 84 62 89 36 18 50 94 87 42 80 74 43 46 15 96 52 91 68 11 1 35 13 79 99 19 78 42 34 83 5 32 52 43 83 1 90 18 28 62 88 81 98 
24 41 75 20 74 71 63 45 95 29 15 0 3 24 59 29 98 80 15 13 46 91 26 23 3 34 52 99 58 25 87 63 67 6 77 50 76 7 62 5 78 60 42 54 61 30 63 21 41 65 18 66 91 86 26 64 44 74 9 14 22 5 17 76 
81 28 85 8 20 65 22 64 2 73 70 0 62 68 32 54 87 9 10 58 92 96 49 79 50 71 66 17 82 8 85 41 10 48 25 16 26 76 35 28 89 2 63 95 22 81 38 21 36 81 66 88 94 79 32 4 26 18 51 76 80 93 73 64 
93 29 0 45 67 6 28 24 31 86 36 39 46 71 71 6 84 68 27 58 28 74 78 6 4 33 37 33 2 7 4 26 79 37 37 49 17 10 28 63 8 22 89 81 32 5 23 19 62 94 22 8 24 7 85 87 61 82 97 72 68 34 1 89 
57 0 76 45 57 64 51 73 70 6 76 61 16 58 11 9 37 56 8 38 72 58 76 91 39 98 78 88 24 43 68 97 57 98 52 14 60 25 44 71 74 99 10 4 39 91 32 76 66 11 80 85 50 57 77 89 75 16 37 52 57 82 36 96 
89 3 86 4 88 23 52 29 75 97 9 23 47 61 34 23 95 80 34 76 30 77 69 57 43 65 8 44 73 76 16 85 97 38 76 93 85 19 37 32 43 9 12 86 92 69 48 97 62 11 77 39 13 54 74 30 21 97 49 15 58 58 68 18 
30 79 57 4 49 96 81 75 39 39 82 34 94 83 58 1 53 79 9 66 38 87 55 30 60 4 25 52 39 19 1 67 20 64 14 32 39 61 70 24 43 76 20 58 12 3 55 21 13 54 90 27 95 85 39 69 12 18 29 89 19 23 8 78 
66 38 26 87 33 57 17 34 68 88 21 7 96 98 93 64 43 72 17 62 46 35 8 43 21 2 48 27 14 98 72 97 23 74 94 21 36 74 14 87 18 79 62 17 81 71 48 34 53 24 85 19 44 30 23 44 41 57 51 22 73 64 81 16 
75 11 30 0 7 30 77 14 11 44 34 91 90 21 77 12 42 14 32 57 85 44 16 5 94 40 95 72 79 80 18 95 84 16 90 10 12 31 63 25 9 98 93 32 42 21 21 31 64 20 81 38 8 69 50 40 84 39 38 51 89 30 20 72 
89 43 51 6 9 21 58 56 47 27 66 4 13 0 5 46 49 65 56 15 85 47 75 59 92 73 46 81 12 32 5 52 84 48 40 21 76 59 65 41 56 54 72 84 59 75 3 91 72 97 89 46 39 29 47 20 5 1 83 19 95 8 11 51 
31 99 68 32 74 2 45 5 32 35 30 89 0 46 56 99 98 22 66 92 41 55 44 94 42 12 52 84 51 13 66 51 21 7 95 15 76 19 7 54 83 1 58 81 85 62 44 80 89 12 38 46 55 48 73 41 81 23 26 12 29 84 49 54 
18 33 24 38 58 76 45 73 46 61 17 87 25 83 20 54 38 98 72 0 53 60 11 44 42 83 14 42 20 85 74 1 86 65 50 80 66 68 1 89 54 17 99 48 80 96 30 47 67 68 20 87 13 3 76 95 80 89 33 6 8 99 78 67 
83 93 72 64 43 26 84 54 73 4 50 32 9 55 63 17 26 90 39 48 64 78 5 11 99 73 14 54 93 83 16 36 91 75 13 13 38 40 66 20 35 50 26 21 82 9 7 92 27 22 47 67 76 68 31 3 31 12 15 91 68 90 83 97 
58 68 33 84 90 52 43 53 0 55 22 93 31 1 8 69 54 76 76 70 56 2 61 14 88 23 87 34 16 95 39 97 51 23 43 1 26 58 39 81 3 18 71 61 79 24 0 70 72 54 2 24 42 61 0 71 61 2 99 15 19 52 58 89 
43 32 12 34 9 83 74 34 56 60 37 36 37 39 48 30 54 99 17 63 22 57 54 76 85 9 2 44 38 67 13 9 33 32 39 83 60 28 52 20 39 74 97 63 9 91 93 12 64 15 61 79 49 75 98 95 37 83 22 76 9 42 37 65 
97 87 36 60 4 48 18 28 85 26 54 25 25 28 15 22 82 91 60 82 68 72 43 7 39 23 64 51 62 26 51 81 20 30 48 4 85 91 81 99 68 7 87 64 14 19 7 19 27 86 20 77 39 74 42 74 98 10 49 33 56 94 89 68 
35 42 62 40 86 51 10 22 13 37 98 62 2 47 93 38 74 72 95 79 63 20 41 36 50 85 56 42 71 44 83 48 0 41 23 76 42 66 0 31 66 30 60 39 92 16 49 92 61 29 23 45 52 15 1 33 75 76 51 69 95 57 28 45 
53 53 16 12 78 89 73 60 68 31 36 39 56 32 3 43 95 77 38 47 92 27 23 94 74 94 38 77 51 36 81 36 47 67 14 6 81 56 82 22 82 96 33 28 64 76 63 13 19 3 34 21 84 40 83 94 59 82 21 46 88 81 7 67 
68 61 10 25 22 51 85 91 2 2 8 66 23 35 79 95 69 9 83 24 46 28 7 44 78 46 73 31 70 0 17 7 7 42 15 0 67 37 67 92 16 61 85 21 60 14 44 49 16 93 86 35 41 48 66 36 3 11 83 13 87 62 72 38 
39 72 33 85 4 27 40 36 83 96 44 57 32 78 19 13 49 66 32 43 88 85 35 94 36 85 86 50 13 59 99 30 20 78 36 10 94 23 80 45 96 13 92 87 46 10 98 1 6 55 46 14 68 19 92 49 76 22 46 52 36 79 92 57 
69 32 40 85 0 97 20 50 58 76 19 62 2 27 83 7 77 99 78 70 93 8 69 98 55 35 4 4 85 14 60 66 97 39 79 45 88 41 65 3 96 52 76 68 38 12 1 12 39 39 97 29 58 45 23 53 43 88 25 80 97 36 39 72 
16 10 46 23 45 52 18 91 78 4 4 92 10 22 71 9 58 15 32 2 25 26 37 21 2 73 9 7 66 85 92 51 99 40 11 89 42 79 2 36 91 94 45 79 70 10 82 64 13 54 11 28 79 41 57 22 18 81 96 22 20 39 4 98 
97 64 95 62 6 22 99 43 30 87 52 36 54 7 35 0 45 48 62 98 73 38 83 16 35 74 91 91 91 19 15 67 63 2 3 67 56 97 92 10 53 35 35 57 36 92 33 32 43 38 53 32 82 49 13 52 3 12 63 69 41 74 77 48 
86 14 42 30 28 69 7 39 40 80 84 32 94 63 6 77 3 21 90 20 84 51 33 41 17 34 42 73 59 44 2 27 3 32 31 78 72 42 40 94 78 27 74 45 88 40 52 65 98 3 98 47 62 16 16 31 89 50 18 89 9 0 20 31 
32 34 42 58 21 51 47 38 83 32 68 99 29 37 90 7 17 51 39 41 99 27 32 33 42 77 62 76 83 10 98 66 11 80 12 53 16 45 31 83 69 25 20 41 68 51 78 45 17 21 95 55 9 44 89 25 48 79 78 98 55 3 84 91 
4 66 71 63 12 40 31 60 40 68 33 48 38 50 27 88 28 30 22 5 20 40 21 69 53 15 74 48 3 19 53 79 28 14 61 50 42 86 44 5 58 87 89 68 97 67 13 22 13 35 48 17 54 68 13 28 42 97 65 86 86 20 83 0 
40 60 84 46 77 78 17 56 84 58 86 55 8 50 39 77 61 84 8 92 6 84 47 78 27 78 43 65 95 28 25 93 57 0 63 26 2 94 86 9 44 60 10 89 84 32 24 87 90 81 97 94 23 32 66 47 8 22 99 21 62 60 22 51 
29 26 53 78 18 51 18 67 71 82 48 78 6 4 46 15 25 93 77 40 2 16 85 20 81 34 26 87 76 32 11 98 5 37 70 66 74 92 89 29 62 5 45 75 85 24 49 57 44 44 89 55 34 33 78 67 40 65 63 15 24 11 90 1 
22 21 72 87 42 89 3 5 13 7 90 3 35 56 47 44 62 3 74 49 0 46 87 79 30 83 39 84 42 6 15 85 28 66 55 60 20 97 18 59 39 94 51 47 61 42 17 76 11 32 13 91 68 74 49 11 54 0 16 16 83 70 16 57 
66 74 52 58 50 20 36 94 24 33 4 69 51 38 98 62 32 14 27 89 21 78 21 68 17 38 70 43 29 63 48 35 30 10 7 57 45 77 72 27 85 50 40 95 93 20 2 42 7 53 93 30 48 53 58 36 36 72 27 96 88 3 52 6 
35 30 47 77 38 36 22 66 6 43 76 81 74 58 79 88 39 21 96 86 39 50 67 97 78 99 27 49 53 25 23 53 83 89 67 98 71 11 42 40 70 93 75 41 95 24 57 43 42 25 77 41 9 28 96 53 20 44 87 94 48 73 84 92 
82 32 12 48 54 16 18 92 55 25 81 75 89 33 36 80 43 3 62 10 58 95 66 32 96 47 62 65 37 20 91 51 18 84 83 46 60 41 19 59 82 25 27 41 39 47 16 84 24 73 10 27 97 6 80 31 43 5 9 88 27 61 5 17 
28 70 28 5 65 67 5 39 39 16 42 79 67 34 29 85 9 11 38 60 68 98 32 98 66 77 17 74 9 15 31 9 29 59 45 7 15 40 82 0 38 31 19 0 66 22 54 82 1 84 44 93 47 45 72 35 30 11 39 87 27 62 2 16 
64 5 26 19 68 32 0 23 19 71 11 68 76 37 26 46 38 46 75 37 75 3 26 23 41 47 95 89 96 58 80 0 3 38 70 83 35 39 40 58 59 13 14 85 88 74 80 35 59 26 78 82 61 36 75 53 49 1 70 26 84 37 0 62 
75 23 33 63 68 26 36 21 74 18 56 39 25 21 22 69 31 48 33 44 76 4 82 86 1 95 75 53 57 57 34 22 70 56 68 73 25 97 74 60 57 88 66 49 31 12 31 49 26 28 88 97 21 36 85 62 58 47 55 96 56 63 56 52 
91 26 89 36 93 80 56 78 1 5 70 28 80 3 67 12 50 11 78 26 23 81 87 43 2 90 80 13 16 14 35 0 83 66 3 82 55 24 45 1 85 22 5 86 84 98 81 71 98 18 18 80 69 49 95 79 34 95 67 23 59 83 29 96 
59 97 93 98 92 98 11 31 25 76 18 19 73 12 82 53 11 79 42 54 56 35 37 37 76 13 98 79 85 66 66 98 34 14 68 14 34 51 86 89 22 15 38 48 64 31 42 53 96 28 27 43 75 15 8 6 30 93 77 47 45 48 8 82 
78 93 0 65 16 71 0 67 51 52 11 64 97 79 2 3 32 5 49 34 81 35 77 0 54 7 9 43 92 61 68 50 36 52 41 33 98 79 53 16 3 34 12 56 45 27 8 51 5 93 35 49 93 92 74 76 9 33 46 37 55 72 49 70 
99 94 74 65 86 69 68 77 52 42 79 16 28 93 66 78 31 33 81 73 29 89 43 10 98 65 23 18 35 16 32 42 39 32 31 11 75 20 64 78 58 34 50 18 61 72 84 8 93 62 25 93 77 54 49 23 94 19 50 22 90 83 94 49 
33 18 47 29 62 23 45 54 5 3 46 78 17 83 61 60 84 17 72 90 29 28 83 66 20 12 76 32 93 98 9 39 31 20 17 87 65 15 14 89 16 76 54 72 46 51 28 71 88 42 20 27 41 87 63 77 55 73 52 30 27 14 50 48 
53 31 88 39 50 66 16 75 70 81 26 67 63 64 50 88 48 84 61 44 91 58 72 76 89 59 70 63 67 1 30 28 20 88 82 53 5 45 13 1 2 98 59 2 46 10 64 79 84 82 21 78 18 35 32 52 26 67 61 96 70 8 37 32 
93 6 57 44 16 97 7 45 65 32 5 68 42 37 1 41 60 52 30 84 73 45 33 44 40 79 16 50 82 9 0 32 26 31 5 34 11 41 8 25 89 2 74 77 5 83 91 49 46 28 8 9 16 22 1 61 91 29 53 74 85 47 75 18 
19 6 83 39 96 23 64 72 92 19 57 22 7 69 1 66 35 91 49 63 86 76 48 21 17 86 83 48 80 14 35 52 99 89 22 86 35 34 79 38 88 76 43 64 87 21 47 91 32 18 40 34 40 55 86 88 65 29 12 85 1 62 71 1 
5 41 18 72 66 69 54 17 12 31 26 94 40 83 32 44 11 10 66 92 2 81 35 10 42 29 72 54 27 11 55 88 34 94 10 66 16 68 97 22 4 33 16 11 45 39 60 10 97 57 55 95 47 39 37 68 51 39 14 86 66 69 19 75 
84 86 96 86 22 58 82 76 26 88 98 26 86 64 12 86 77 44 4 2 87 65 1 66 82 32 51 97 44 23 33 40 61 49 30 1 99 94 44 69 82 80 20 62 54 49 52 93 48 98 88 24 96 50 34 75 53 89 58 28 37 75 15 72 
