98 71 90 64 66 89 83 10 35 93 79 83 84 73 34 39 49 50 36 55 57 32 21 94 91 81 29 7 65 25 2 7 76 45 68 90 31 56 50 57 65 12 18 82 80 82 3 58 95 86 27 77 7 73 9 88 80 85 62 84 76 3 17 8 70 57 85 51 24 69 44 8 71 67 54 44 39 94 90 99 64 9 70 18 21 62 97 53 44 30 69 31 19 12 31 32 37 83 16 24 15 94 7 38 75 65 32 66 55 43 44 9 87 86 71 24 16 29 50 70 73 50 31 0 15 60 11 58 
47 44 17 91 71 49 25 37 92 64 53 60 89 88 58 96 34 20 59 58 74 95 52 37 40 50 3 95 6 42 72 97 1 22 53 77 71 21 47 95 29 90 59 11 64 74 81 88 98 55 43 81 6 56 94 0 46 95 79 25 97 40 27 7 81 91 20 64 50 15 56 72 39 27 78 3 52 94 5 78 9 95 98 82 64 23 11 35 54 87 22 30 79 48 34 4 62 60 52 62 43 4 87 85 92 35 41 36 3 72 51 24 41 33 77 10 87 25 81 42 29 2 29 9 66 95 36 85 
35 36 20 95 48 68 45 74 37 0 27 56 66 21 32 0 69 32 53 83 84 57 71 90 76 4 25 31 66 27 13 99 59 95 66 48 40 78 6 3 92 31 72 92 65 75 3 69 32 74 29 42 24 52 95 17 69 46 68 57 22 68 46 0 53 63 66 4 95 40 77 73 65 20 27 38 72 15 85 27 74 16 34 30 21 16 75 17 95 13 16 98 57 15 62 79 53 88 44 65 17 58 31 97 45 11 97 61 90 59 37 5 30 68 24 22 92 46 40 43 7 26 98 4 40 79 25 8 
20 30 43 44 54 58 29 83 75 63 39 13 74 5 35 94 91 76 14 43 37 33 60 90 48 13 16 91 95 42 71 57 76 80 36 58 98 47 80 42 24 29 58 13 89 89 4 85 19 49 99 95 66 72 99 6 57 3 49 12 81 20 75 89 95 50 47 8 63 63 26 80 24 79 68 14 82 15 41 45 49 67 37 96 24 1 85 89 56 54 85 51 97 80 2 8 96 94 90 27 7 62 41 32 45 41 33 88 96 70 24 94 98 98 21 52 26 9 93 25 66 29 32 9 83 97 60 25 
30 32 97 49 99 20 69 92 8 96 99 64 22 49 36 13 70 72 50 67 80 80 5 79 23 63 67 77 67 42 7 57 57 9 30 44 49 5 85 67 31 49 95 16 9 92 61 79 55 67 68 7 34 56 92 23 58 81 70 52 40 62 28 83 64 46 50 96 92 21 60 18 53 67 67 73 50 28 89 23 53 58 64 0 78 9 57 55 17 31 20 73 27 5 99 21 63 57 0 3 43 40 7 39 93 76 42 62 77 10 8 51 20 3 43 30 75 43 46 5 0 33 8 15 40 95 64 91 
97 95 70 36 2 77 15 31 92 32 0 8 10 88 25 91 38 85 96 80 18 19 13 79 4 46 23 54 94 6 32 60 16 24 56 85 87 96 79 63 57 5 77 33 90 75 96 40 56 74 21 81 91 23 67 7 70 35 36 40 0 72 87 76 3 45 27 94 56 5 20 78 56 12 92 35 41 39 12 75 9 17 43 23 43 5 49 79 6 3 97 48 35 41 4 39 84 54 88 25 46 36 70 58 37 6 74 63 42 46 69 35 85 23 67 94 80 72 47 73 75 28 40 29 59 87 9 91 
93 15 26 78 7 76 79 54 56 87 2 22 86 68 15 95 80 93 2 38 80 2 46 2 22 17 74 98 23 30 13 4 17 39 7 96 7 63 24 32 54 41 56 36 7 14 25 61 24 65 7 13 19 13 36 51 90 43 99 32 22 38 69 51 82 77 3 95 7 91 16 32 84 21 37 34 22 58 82 35 64 3 97 62 51 22 96 43 36 71 4 43 99 26 29 91 44 68 41 29 21 74 70 13 76 37 28 32 77 75 68 51 49 95 41 6 11 5 9 33 93 1 65 1 19 19 54 41 
88 24 91 16 29 92 11 76 4 86 89 2 43 71 90 83 49 55 19 12 1 15 22 33 61 15 19 52 59 6 41 21 31 24 23 81 19 55 91 65 50 51 91 66 40 70 0 61 46 21 41 34 78 54 22 36 72 34 48 88 25 43 3 93 17 10 87 49 1 30 30 7 87 89 60 10 69 81 11 4 31 99 37 45 61 39 78 85 5 55 20 0 54 24 75 54 70 89 5 28 69 80 76 6 88 16 11 91 23 11 13 9 27 88 77 60 84 77 0 64 96 42 59 3 40 7 81 1 
93 73 14 15 17 76 12 38 91 97 63 83 94 10 12 56 99 66 91 89 93 49 9 41 79 57 42 86 21 62 76 97 33 75 37 98 36 49 6 89 40 55 16 31 16 92 42 26 44 55 50 64 48 48 59 25 41 16 92 29 85 15 62 66 78 99 9 83 26 53 89 24 8 74 34 19 14 42 37 56 7 90 35 58 7 89 86 82 98 1 16 40 4 37 86 85 89 57 44 67 0 71 47 61 93 87 55 76 36 8 78 54 78 25 79 37 16 34 81 80 76 76 47 22 86 98 90 77 
55 53 85 87 64 2 62 73 21 40 22 78 14 30 76 99 73 72 3 6 32 40 17 50 16 43 76 61 15 76 12 69 46 12 57 56 45 71 43 71 63 36 14 26 19 3 68 14 70 8 91 58 40 30 81 63 75 53 87 68 40 71 51 0 58 74 21 94 29 93 32 39 4 3 98 27 82 2 77 32 50 99 25 60 39 95 6 89 39 78 6 28 35 56 65 73 85 38 51 32 69 37 36 11 47 25 54 20 53 9 38 12 66 49 69 86 99 69 24 13 79 26 98 65 35 25 49 96 
99 81 71 54 88 38 92 49 16 15 57 87 37 55 38 10 65 61 50 42 28 94 78 17 36 56 27 95 57 7 6 77 75 92 18 81 28 11 92 52 4 4 93 71 72 34 83 99 58 59 5 54 3 15 64 71 37 91 50 12 62 89 7 55 86 72 65 28 46 22 5 93 80 26 61 17 52 2 26 59 70 95 65 38 2 34 67 37 30 20 29 7 51 23 28 20 31 43 52 20 50 17 14 46 99 75 86 28 54 10 83 18 43 90 63 65 32 44 16 47 80 99 41 84 17 33 90 42 
49 56 7 22 25 11 35 17 60 47 45 19 88 21 59 38 26 16 85 8 80 6 12 3 95 43 31 72 93 71 50 96 61 20 79 59 38 46 48 19 55 2 42 85 88 52 54 17 70 92 79 67 84 57 61 33 36 97 10 50 26 15 26 13 70 11 68 60 70 83 78 50 45 85 38 60 43 52 12 11 94 57 1 17 15 14 60 98 38 16 89 85 32 11 87 23 82 29 98 72 57 87 8 67 29 37 95 1 59 87 95 26 97 73 62 44 92 4 47 51 49 90 77 11 15 67 12 60 
3 67 37 95 49 23 68 46 20 71 86 60 60 39 42 2 30 60 57 6 23 42 58 3 66 88 66 33 15 40 57 55 25 27 52 23 70 26 14 93 68 47 89 0 84 40 50 6 79 20 30 70 98 20 80 20 89 69 83 13 32 64 19 96 30 79 45 40 28 98 12 75 20 38 67 68 85 55 17 67 9 35 18 58 40 74 30 62 57 21 83 90 61 1 70 56 92 26 93 8 15 97 1 14 12 85 9 93 85 74 79 30 51 36 56 44 23 44 94 16 13 13 62 23 22 85 94 37 
23 69 47 46 90 50 2 0 71 33 91 62 5 16 19 42 94 56 74 35 85 50 59 70 5 69 20 59 85 40 27 72 70 57 4 20 81 46 75 98 47 31 96 40 21 79 1 25 70 90 69 98 27 36 17 86 33 63 95 6 92 74 86 48 7 11 7 64 55 38 91 38 57 13 86 4 75 3 88 59 99 22 42 81 37 36 74 46 9 60 99 32 28 40 38 13 57 87 95 52 23 32 12 96 60 60 0 77 22 70 58 29 34 68 85 32 48 52 6 17 74 73 90 45 23 50 34 19 
98 63 74 0 29 54 90 93 66 99 25 49 16 21 41 7 74 54 11 3 79 12 81 71 79 3 85 55 32 94 71 21 29 51 67 48 66 88 88 66 76 27 5 30 7 67 7 23 36 70 53 84 93 10 20 84 18 96 50 86 86 4 83 38 70 89 57 85 78 92 86 64 69 62 71 53 84 57 96 50 29 70 58 52 6 23 97 23 68 80 85 67 15 91 67 55 50 77 46 46 39 34 84 2 94 36 22 40 2 71 91 30 12 66 99 97 58 23 50 38 2 3 81 23 69 97 10 63 
24 87 39 79 61 17 49 33 13 72 48 3 1 96 67 64 96 18 1 94 58 6 9 50 6 64 57 17 49 42 11 96 20 98 93 97 24 17 73 21 40 90 89 39 93 33 13 78 80 70 2 15 16 95 53 24 45 87 38 21 84 85 77 94 98 17 28 52 72 75 6 56 98 2 55 95 83 23 80 93 31 66 74 34 86 67 21 34 58 75 63 43 8 76 57 19 93 26 98 31 5 3 33 6 67 84 84 30 74 70 35 29 25 16 81 51 10 99 25 78 16 83 45 31 13 71 61 42 
44 72 20 76 85 78 68 61 33 5 5 23 4 65 66 89 26 20 25 90 14 5 49 90 41 66 8 0 98 71 41 55 91 50 27 91 99 91 93 56 48 64 19 62 42 41 37 95 33 39 92 94 0 80 4 24 71 60 28 88 32 69 57 92 71 15 87 46 87 80 33 92 4 51 32 74 2 56 47 77 48 17 83 69 91 79 29 24 60 32 48 59 28 14 94 53 72 54 10 90 87 46 5 9 93 51 29 59 5 62 13 91 85 78 29 60 49 28 48 83 70 83 47 23 30 13 28 55 
42 96 98 94 16 51 18 19 96 45 54 96 6 18 96 37 75 15 18 68 94 59 62 95 71 91 80 62 20 58 46 3 69 52 86 36 91 80 84 41 59 95 76 89 29 9 71 55 62 80 32 58 94 75 78 60 78 63 19 63 81 42 9 22 83 12 31 72 26 94 40 32 0 49 31 14 25 9 41 88 35 99 98 67 89 36 26 91 73 30 62 31 66 89 21 11 84 54 2 3 49 40 48 89 93 51 1 65 18 94 43 20 11 23 14 50 52 56 88 91 39 99 99 13 91 54 79 9 
78 25 75 1 85 28 60 49 88 96 62 90 6 58 92 8 40 7 73 28 37 95 85 61 23 29 12 4 13 64 9 14 64 51 23 32 83 29 12 15 29 22 47 70 75 70 18 44 64 33 0 48 87 84 49 97 86 31 78 83 73 52 20 18 39 24 84 47 73 31 21 84 61 39 75 19 60 0 27 68 5 9 74 38 44 48 3 36 90 25 46 88 81 47 48 28 65 39 87 22 33 88 58 76 13 13 82 90 58 54 56 55 47 39 76 26 86 53 56 82 64 15 22 1 42 94 39 92 
59 45 86 50 33 68 20 70 79 45 41 94 85 91 32 10 83 85 65 74 2 61 84 14 11 99 54 19 10 36 31 87 68 10 94 4 90 2 96 54 23 92 58 16 58 51 11 4 1 32 65 89 43 44 89 68 4 63 59 46 59 93 90 18 99 87 7 0 2 5 25 75 88 81 48 38 77 12 41 67 96 53 47 88 23 37 66 5 94 6 71 25 97 67 15 46 78 27 48 64 80 89 74 3 7 13 39 17 56 4 42 97 58 45 37 69 89 28 51 73 35 13 97 80 57 2 65 72 
58 82 44 64 79 15 76 55 93 79 50 68 29 71 76 99 16 12 32 79 55 91 99 72 5 32 25 8 57 13 61 98 71 87 88 74 85 54 49 48 98 59 1 26 23 19 96 31 90 47 54 19 97 97 54 30 76 83 96 87 49 16 41 3 19 24 35 86 90 56 97 39 13 65 94 8 96 0 86 0 24 84 31 57 0 48 57 10 7 9 6 24 1 17 6 20 21 26 74 7 9 16 70 44 95 1 44 16 74 58 98 39 80 62 76 15 62 90 28 81 28 11 8 79 44 23 77 42 
25 27 61 58 16 92 40 51 83 33 66 0 14 45 24 73 29 65 51 92 98 46 43 37 77 3 94 41 75 62 32 69 90 34 19 25 14 32 47 32 21 67 30 6 94 35 98 7 5 77 66 49 93 5 4 90 84 69 14 73 50 16 7 68 58 30 97 28 34 15 20 38 51 8 17 2 97 35 79 3 11 10 82 21 93 85 34 23 55 56 45 90 69 21 96 45 2 74 58 81 90 35 17 42 77 23 9 75 73 52 95 15 69 5 92 97 28 46 46 31 28 50 23 58 15 4 94 13 
27 52 1 33 41 58 23 40 25 30 28 64 32 91 25 31 46 88 42 84 8 84 63 27 72 98 99 24 2 16 80 77 41 61 99 50 13 17 12 73 57 5 63 80 24 29 61 64 4 91 46 52 31 4 50 25 5 97 81 12 95 40 81 87 78 66 52 93 71 34 86 61 6 77 97 24 85 68 93 46 49 9 90 76 7 51 65 87 23 79 39 95 68 5 17 38 6 13 73 7 13 19 46 96 89 60 89 48 23 71 3 64 35 20 97 13 36 30 5 65 59 74 40 22 39 84 64 82 
50 63 8 40 13 73 0 66 55 26 0 2 43 94 29 0 95 57 20 54 60 47 73 4 19 18 86 81 4 43 76 67 79 99 50 39 88 13 29 17 71 82 51 93 86 93 50 18 70 36 49 7 4 99 94 1 58 26 48 43 12 78 4 97 53 47 19 13 94 55 34 98 37 69 71 99 46 17 74 91 86 21 24 99 39 49 2 35 90 74 54 21 92 29 27 36 23 59 74 74 45 85 97 11 13 81 9 41 89 47 37 2 0 78 73 27 15 32 27 82 65 91 18 60 96 31 21 39 
78 80 64 81 21 95 28 23 53 43 24 93 10 92 33 47 37 0 48 92 80 97 53 15 28 97 98 0 47 44 98 16 43 81 2 26 39 84 88 31 38 60 18 31 77 98 86 81 68 24 41 13 73 56 27 17 33 18 65 75 99 43 91 61 9 17 36 13 34 34 3 50 82 3 48 3 21 91 32 42 1 3 45 74 40 29 52 47 79 78 14 62 17 41 35 58 79 18 46 29 18 36 82 83 80 80 27 62 73 4 47 8 93 44 67 9 4 51 56 23 16 36 65 31 88 40 62 31 
57 97 79 71 22 59 2 46 73 42 54 39 28 56 59 58 86 99 18 12 10 41 87 40 19 21 62 16 32 80 22 3 4 80 46 85 88 17 1 15 55 1 42 23 73 88 74 32 97 23 78 66 65 77 10 29 5 13 17 12 15 66 45 43 72 83 0 37 37 20 85 1 91 38 17 18 50 98 45 5 69 81 73 98 19 16 80 76 41 36 31 41 65 39 48 72 58 68 6 25 37 50 77 81 60 70 24 55 49 9 88 6 91 54 20 79 38 27 25 15 29 95 83 3 20 7 50 48 
82 40 62 48 11 16 75 32 26 84 94 77 20 93 86 23 33 24 14 95 96 2 98 99 54 17 3 81 20 23 20 95 23 67 11 61 34 47 8 96 47 69 13 18 7 37 42 98 24 23 68 84 2 87 13 40 26 58 75 57 66 48 7 31 12 33 92 64 44 88 28 9 84 49 4 20 73 20 75 32 6 20 91 83 5 82 17 36 77 68 9 23 3 66 7 24 38 84 24 29 84 72 51 99 50 6 78 55 28 38 13 56 15 89 81 75 53 78 52 83 77 80 5 93 99 34 13 17 
2 65 87 76 60 38 91 6 52 15 61 85 66 34 7 30 9 87 99 4 9 23 73 90 79 24 52 8 5 84 31 85 19 68 80 41 7 49 81 96 51 67 5 44 13 12 42 40 87 11 71 27 80 6 82 48 4 77 91 97 5 81 55 40 23 40 34 19 20 35 25 73 10 4 4 61 6 96 25 38 23 89 19 99 10 64 97 68 50 43 99 75 72 7 82 7 54 90 71 56 50 76 68 77 73 18 38 43 10 60 0 34 82 59 7 24 48 89 0 72 47 86 26 85 78 4 54 32 
35 32 39 74 21 26 60 34 30 43 58 13 97 36 68 89 21 43 0 14 91 50 14 54 43 7 51 25 66 13 59 67 86 8 73 76 24 86 53 67 16 2 90 69 99 56 30 60 56 76 35 68 95 51 31 50 31 6 22 73 48 68 24 25 89 18 28 88 87 79 92 63 50 74 33 80 89 85 0 37 76 65 77 43 74 57 84 42 46 31 80 48 92 3 20 92 43 45 75 87 91 12 56 58 12 58 44 24 66 3 28 32 94 19 87 59 95 40 91 72 27 89 7 88 92 69 66 44 
63 11 19 25 9 44 58 97 69 66 50 58 64 37 0 91 84 92 14 94 55 38 48 31 70 48 65 25 96 85 11 73 35 78 69 7 44 43 73 42 57 8 57 72 31 91 20 69 69 89 27 39 36 22 39 44 72 60 57 29 54 94 47 21 16 41 86 54 49 69 90 95 40 91 98 2 32 47 48 66 32 70 87 65 34 67 78 90 23 0 44 9 3 0 59 8 53 0 88 81 44 45 41 2 31 57 38 53 25 37 7 23 27 98 50 51 6 56 92 86 37 73 32 25 64 86 35 77 
51 58 20 99 87 66 72 7 4 79 64 23 80 43 31 26 94 9 26 32 13 56 66 96 8 35 35 67 21 42 21 15 31 18 93 72 0 59 80 85 45 3 68 3 35 60 37 91 26 18 36 45 5 87 27 8 97 55 85 62 48 42 80 77 95 0 79 9 80 75 29 28 11 78 44 62 24 65 82 63 86 74 34 89 0 17 89 1 13 17 84 11 28 60 8 99 23 96 37 15 59 47 5 29 57 12 24 59 29 36 99 42 63 44 22 95 38 66 92 87 60 10 56 78 55 35 48 4 
84 19 13 55 13 58 19 65 26 47 65 18 83 95 4 84 59 89 65 27 68 89 93 20 83 66 73 69 14 54 94 62 7 52 54 77 55 15 71 64 8 66 84 14 5 61 18 71 68 81 12 78 60 1 38 67 83 94 94 62 15 43 21 59 31 28 80 83 75 89 9 88 55 56 51 41 81 85 35 54 9 1 21 38 76 0 4 76 1 10 9 83 12 59 28 93 96 56 87 62 56 3 81 30 28 63 29 30 79 86 65 61 43 59 52 55 85 57 83 83 95 23 41 61 97 77 68 77 
12 52 65 2 17 45 82 27 88 34 43 56 19 45 21 18 16 31 49 25 58 53 60 20 6 27 60 86 99 88 89 41 16 48 98 15 87 86 73 65 21 9 27 77 31 90 32 94 99 62 70 0 29 63 47 60 26 89 30 90 91 6 92 1 71 71 59 48 8 38 4 54 61 46 69 84 2 60 41 34 6 57 54 71 13 76 51 2 73 67 68 14 52 21 2 23 62 19 2 0 16 60 95 3 45 37 92 51 22 95 44 15 59 5 36 45 3 78 28 87 47 45 60 29 65 14 63 20 
88 86 38 72 13 52 3 59 12 96 74 86 57 87 21 81 31 19 11 96 21 90 53 97 55 18 73 18 31 76 93 13 47 76 80 84 9 3 94 55 11 43 27 57 60 11 34 29 27 64 20 15 3 67 10 61 54 37 31 6 91 97 0 8 17 54 16 25 50 82 95 68 40 7 11 13 5 58 18 79 70 82 71 94 67 84 83 21 91 73 95 1 83 30 70 81 64 58 48 88 37 98 74 30 90 93 10 47 34 53 19 78 66 74 90 63 51 2 21 70 29 76 87 39 47 32 94 85 
43 20 80 20 72 44 77 61 69 67 1 49 31 87 13 93 33 22 75 3 81 26 83 85 32 54 33 0 1 83 6 85 14 27 63 87 83 7 75 2 74 23 14 6 94 13 62 75 37 14 77 60 46 76 95 9 12 76 73 12 8 21 99 55 33 77 66 53 72 48 92 44 28 39 32 91 42 48 33 72 75 29 41 38 67 3 46 39 94 76 35 62 84 33 65 77 28 32 3 98 31 75 32 30 14 85 9 22 83 10 43 46 32 38 16 76 59 22 89 24 89 38 29 89 36 7 67 78 
94 94 43 83 58 19 1 69 21 83 73 76 98 95 43 25 13 20 40 37 11 3 29 92 8 53 11 18 83 93 35 18 68 31 73 96 34 37 75 3 93 77 18 64 91 43 34 48 83 52 71 89 64 33 24 34 88 61 29 5 84 81 26 40 28 53 85 78 56 27 79 62 46 93 19 39 84 34 90 54 33 12 14 49 33 47 25 24 61 24 38 8 13 38 44 58 66 93 28 90 87 19 0 94 36 30 39 36 87 6 37 11 90 39 35 87 66 78 65 86 23 80 17 83 73 74 30 65 
75 77 84 30 95 73 40 79 99 63 46 11 9 66 43 10 93 66 43 4 20 59 18 2 40 90 95 54 11 99 56 91 41 67 24 60 2 20 32 97 45 86 99 17 40 35 82 34 36 66 81 58 58 49 49 41 55 46 74 10 89 88 36 67 69 68 62 26 99 29 7 0 55 52 54 75 80 21 62 8 63 66 55 5 25 96 36 54 46 72 26 54 48 95 73 57 15 73 11 12 19 57 3 26 87 4 28 2 20 88 67 33 3 95 38 87 45 34 41 13 80 65 81 92 81 1 7 51 
36 83 51 3 81 22 19 54 44 63 53 26 71 28 77 3 68 21 13 28 82 55 89 84 17 37 60 5 36 28 91 55 11 24 29 66 28 49 39 64 22 25 49 13 32 30 50 23 28 36 77 7 62 8 81 19 87 91 15 43 52 41 21 43 93 92 42 79 77 82 86 6 48 23 44 15 20 39 44 37 6 67 78 65 68 70 16 47 63 43 38 85 84 17 33 81 19 74 95 61 2 6 54 21 35 0 17 26 51 21 86 76 46 96 61 42 6 85 58 93 51 56 89 70 50 54 10 42 
0 92 3 29 22 25 33 36 25 86 10 34 11 84 8 20 94 66 83 44 5 1 62 1 15 2 9 34 92 85 81 83 61 13 0 66 1 37 98 73 51 85 24 33 35 28 99 36 61 50 94 53 87 30 83 80 5 6 67 24 69 16 44 96 95 2 99 25 78 75 60 70 89 50 70 82 65 50 41 70 5 28 9 6 74 55 78 48 39 52 8 34 2 38 91 59 88 27 11 19 6 81 41 9 67 23 15 20 14 54 22 49 43 73 10 30 30 51 5 23 83 26 67 28 19 86 75 8 
47 70 4 19 81 95 14 40 24 29 95 59 88 84 78 45 53 48 99 70 41 35 97 52 46 98 77 32 43 21 25 15 6 13 60 67 93 70 85 44 0 68 62 99 26 28 75 86 66 98 14 66 44 38 64 49 69 6 36 39 70 86 72 49 60 64 74 65 65 94 94 98 9 66 64 51 84 53 29 40 84 3 52 10 75 59 33 67 95 75 99 59 38 53 28 85 14 29 11 84 48 62 35 52 36 54 95 92 91 9 21 20 54 44 88 38 58 31 89 54 97 90 26 30 90 24 35 55 
1 19 31 62 40 65 59 43 50 71 76 55 59 33 0 37 61 32 11 27 41 53 36 98 52 22 57 21 57 65 33 99 7 61 5 73 27 31 93 64 46 80 90 98 78 37 94 46 18 99 95 18 48 0 43 11 17 27 67 78 42 7 88 62 55 9 12 93 77 97 40 76 81 5 72 36 37 58 25 30 2 87 12 1 96 94 50 81 71 53 47 41 57 79 65 81 80 64 0 49 22 52 37 0 99 64 63 40 24 27 17 82 94 3 4 94 63 65 15 24 64 38 20 1 4 37 9 17 
14 73 43 56 76 45 59 35 87 67 82 51 95 27 10 45 9 85 55 12 32 14 62 47 14 90 39 47 83 87 77 29 36 72 30 6 6 82 19 75 80 30 50 77 17 80 65 33 89 97 38 96 33 49 36 90 86 43 31 34 7 87 26 81 58 31 56 42 9 17 54 93 70 45 7 80 21 45 45 89 76 70 40 37 67 4 59 90 23 60 5 80 92 41 59 70 14 41 90 61 17 89 58 83 61 47 80 78 44 63 49 92 92 69 93 56 24 43 80 11 42 28 1 74 64 2 13 60 
50 65 49 16 27 13 25 51 52 26 70 43 26 54 74 79 87 99 49 56 1 83 87 69 52 36 62 27 74 29 24 14 49 22 38 12 81 66 85 84 15 44 79 84 48 40 15 0 49 97 71 59 90 23 94 43 69 77 10 19 40 10 88 63 34 41 49 77 54 19 33 5 74 5 90 55 94 64 43 5 14 70 86 46 2 89 31 16 75 40 35 20 94 56 24 84 57 29 29 77 80 36 24 56 37 1 79 70 58 49 54 56 43 50 97 86 8 9 99 2 31 80 56 68 49 29 3 6 
55 63 42 43 49 71 99 8 20 16 58 6 56 58 43 10 73 8 91 85 65 10 11 67 94 76 58 70 76 7 78 23 64 68 21 16 17 21 24 35 94 85 80 74 51 46 22 61 64 79 12 91 5 58 91 25 57 61 86 68 47 23 42 7 59 65 77 14 55 90 56 26 0 31 68 25 26 53 21 92 96 86 77 46 84 60 15 62 41 97 94 13 52 81 95 65 26 90 53 27 42 30 24 21 25 61 32 48 11 47 37 16 25 86 13 23 46 45 59 7 95 79 10 42 30 45 77 92 
85 72 27 15 24 62 46 62 77 23 25 43 2 19 7 67 11 47 18 73 62 34 34 18 52 47 5 42 81 32 49 63 96 19 62 12 22 83 27 90 60 69 20 52 99 38 98 28 78 59 65 17 67 6 21 88 22 24 74 10 36 0 83 1 42 70 24 16 48 48 50 78 77 76 73 98 23 96 98 47 67 5 51 51 31 74 44 50 1 21 78 19 56 29 69 43 77 61 97 51 6 24 18 48 15 47 91 9 66 54 74 62 53 32 53 8 19 21 82 29 27 67 87 75 55 41 80 33 
32 71 76 18 55 10 7 97 35 55 50 63 34 1 83 17 10 32 1 6 14 2 6 3 41 83 43 33 84 58 91 24 56 29 37 56 9 68 75 79 51 1 34 15 7 93 75 99 21 76 83 8 24 31 49 10 90 66 0 51 31 17 99 90 93 2 35 88 50 29 73 19 68 22 92 80 29 18 44 31 52 9 91 76 65 61 52 72 36 62 71 1 70 36 23 89 18 29 9 41 94 72 10 80 15 71 41 78 54 62 10 71 4 94 77 15 15 30 79 59 48 2 72 95 38 30 32 84 
43 43 31 89 26 73 95 11 38 9 22 39 85 48 88 28 1 73 36 18 78 2 99 89 93 52 20 86 87 43 53 62 39 49 40 29 23 93 41 39 64 0 35 29 3 18 6 34 25 18 77 18 22 62 96 81 7 60 5 94 22 25 77 86 53 61 50 23 97 2 12 63 12 41 33 99 59 61 81 47 45 54 42 17 80 66 34 54 47 96 7 98 80 26 74 57 23 24 33 90 81 10 26 27 49 57 44 94 56 0 26 81 96 28 14 56 65 23 39 57 71 62 49 28 72 80 69 3 
68 74 28 59 2 31 96 85 40 15 25 57 70 72 5 58 97 64 63 37 32 33 32 94 46 9 18 71 13 10 46 21 64 58 74 21 73 94 95 49 2 28 62 89 69 56 69 75 72 48 47 60 76 10 41 28 60 7 48 73 70 7 2 28 11 41 50 0 62 76 40 99 98 34 2 21 3 22 26 41 91 67 85 89 78 47 39 8 98 37 62 79 81 47 9 20 92 79 4 5 16 40 98 68 37 27 51 51 77 40 92 81 30 67 90 25 91 94 92 37 24 59 30 31 88 38 55 2 
6 24 72 56 89 25 45 68 70 72 18 75 54 17 72 98 24 75 41 55 85 5 9 78 6 80 46 83 92 82 42 3 28 19 80 12 0 39 67 79 98 52 70 41 12 71 45 32 18 38 36 42 79 68 97 70 8 27 83 58 55 69 67 51 96 5 38 23 80 29 74 31 24 45 56 94 24 17 65 59 5 61 81 71 46 51 15 33 34 57 93 92 98 8 24 87 6 6 44 67 9 12 5 17 6 63 3 15 4 72 64 95 63 21 79 60 91 27 3 45 2 84 45 86 21 98 94 80 
73 56 7 54 32 91 36 56 4 62 88 10 67 62 69 41 67 10 37 86 33 33 51 0 44 60 77 80 68 8 67 57 8 70 58 3 85 27 56 78 55 80 95 62 78 3 71 59 51 69 69 22 66 55 80 5 46 44 80 71 0 50 96 4 15 69 7 2 27 37 5 88 33 57 18 79 41 18 17 90 95 22 40 47 46 93 44 20 64 88 91 97 64 41 33 86 9 17 19 11 49 87 81 62 26 35 2 63 99 29 46 20 93 16 52 92 64 28 11 48 88 23 47 45 97 15 25 25 
79 76 90 41 4 39 37 40 57 25 95 60 10 85 81 45 40 89 38 7 80 81 53 17 70 7 54 24 16 99 35 22 18 43 21 10 64 22 32 29 57 54 18 59 97 0 88 19 82 23 33 16 7 52 17 22 83 26 45 86 47 20 26 33 35 67 14 41 44 99 3 53 37 45 62 62 46 34 17 92 60 87 74 95 52 4 8 28 38 37 65 34 62 85 71 36 59 35 65 68 22 37 19 63 87 74 58 87 97 74 58 91 89 35 73 32 76 42 78 66 58 5 18 67 76 95 30 16 
22 23 77 96 87 64 15 20 27 3 59 98 46 85 95 66 68 44 37 27 78 99 19 75 70 62 76 40 0 96 93 47 83 3 92 35 91 70 62 83 70 58 14 72 2 77 66 9 74 31 92 39 93 19 82 78 42 15 18 91 29 57 76 36 75 23 75 72 12 45 25 62 23 0 5 87 77 74 25 24 81 90 42 32 81 86 45 69 39 32 82 30 22 65 24 76 58 82 26 27 43 43 73 84 70 20 64 69 84 52 41 62 34 77 85 61 11 92 23 88 95 25 90 71 66 30 76 16 
58 3 3 96 54 94 22 75 68 12 33 32 85 77 23 90 51 70 35 69 50 16 93 86 11 46 79 82 74 27 95 95 72 14 73 60 36 12 13 1 17 36 64 97 93 59 48 37 2 90 85 56 96 98 94 6 39 44 83 63 39 97 60 9 38 83 83 37 58 51 25 27 18 46 32 90 2 53 4 77 49 6 84 65 14 5 38 69 91 80 64 68 19 32 32 79 27 54 68 22 83 14 44 67 63 28 40 36 73 9 1 11 48 70 59 3 1 36 77 55 0 46 55 37 44 85 9 68 
82 80 16 17 82 96 49 67 33 6 50 84 66 74 12 81 47 70 55 98 31 63 90 4 4 78 0 25 55 29 68 31 19 99 95 79 49 53 89 90 47 83 7 96 53 41 8 55 83 0 74 60 91 41 45 56 94 88 80 67 16 42 86 96 26 40 33 59 81 36 23 57 39 88 82 43 80 51 27 61 42 22 93 59 12 20 87 58 62 26 32 33 76 70 88 95 26 82 62 83 37 60 70 53 52 3 6 52 45 73 51 25 65 18 94 25 35 60 60 89 59 36 11 88 31 40 34 91 
86 12 50 27 64 96 1 60 52 7 55 18 65 45 31 70 9 43 47 28 17 23 42 25 28 20 65 72 38 47 41 36 91 15 33 90 48 70 13 94 96 74 98 73 71 72 55 76 15 6 3 28 26 75 46 75 35 51 33 80 32 87 35 82 92 62 56 23 55 42 58 42 73 20 63 68 17 17 87 17 51 5 99 64 71 96 62 73 99 25 62 29 21 4 67 33 3 48 0 28 52 62 23 44 59 96 71 32 73 51 81 66 45 87 11 26 9 92 65 48 17 78 31 50 96 50 25 25 
31 51 48 0 10 18 63 56 9 66 65 73 99 32 35 28 67 86 86 95 86 35 53 41 29 74 81 52 1 27 67 69 49 22 1 46 73 87 27 0 43 77 83 54 88 73 84 1 78 17 74 20 32 26 19 69 54 66 31 68 39 53 14 51 72 14 96 43 88 11 12 94 29 8 47 62 45 28 39 10 92 89 39 76 9 5 52 39 3 41 8 90 89 19 60 44 10 24 23 18 59 85 80 22 79 24 70 7 28 9 66 27 83 96 2 10 45 69 59 88 31 13 78 93 91 8 71 46 
93 8 48 68 98 5 40 65 97 94 17 17 11 20 36 8 49 70 2 99 43 9 48 43 62 12 73 19 11 71 81 70 87 0 63 92 24 89 36 26 63 17 4 91 75 32 38 90 11 3 4 3 61 20 81 46 14 67 55 83 69 41 54 83 40 92 54 49 43 26 55 22 17 46 61 56 55 83 99 15 99 67 28 27 97 7 64 22 74 60 97 73 69 16 80 24 89 2 97 15 52 0 33 81 79 12 94 58 88 94 27 59 51 31 61 84 49 20 91 31 18 60 50 7 99 49 86 86 
42 74 64 58 34 50 48 7 50 10 83 20 84 41 60 64 52 95 35 93 35 92 21 85 49 71 27 71 36 52 54 82 82 24 51 57 15 15 86 66 46 46 35 35 29 38 84 41 94 12 96 95 92 91 10 65 12 64 74 87 92 56 89 96 84 41 13 46 37 81 94 1 2 99 68 28 66 53 2 30 41 56 19 68 11 85 20 65 22 39 79 96 0 83 62 68 82 42 15 57 86 99 1 57 67 22 82 80 62 97 39 97 42 36 96 7 99 31 34 74 58 97 51 58 22 74 34 10 
71 6 99 2 19 19 6 64 6 72 93 58 98 11 25 71 17 71 82 63 48 15 89 23 78 13 42 59 38 82 35 10 43 81 88 18 67 95 55 87 49 54 59 78 85 40 21 12 0 81 62 81 17 61 11 35 48 40 94 25 39 58 53 16 63 8 56 91 64 76 38 5 82 6 65 41 37 6 55 76 88 0 86 46 51 3 57 34 23 80 3 46 4 22 71 79 95 58 67 27 81 42 41 36 32 91 62 76 96 23 10 74 82 67 70 99 58 98 32 46 19 73 40 39 61 46 81 90 
0 6 98 1 79 25 75 75 0 30 13 67 16 12 11 51 34 33 23 82 48 21 45 45 24 27 94 5 99 11 73 85 70 31 36 86 0 94 89 53 73 15 89 60 35 7 49 23 64 3 13 61 71 66 97 1 43 89 33 77 94 99 75 8 64 29 56 44 62 99 83 65 18 71 92 70 78 14 63 86 12 4 34 27 98 78 45 82 23 94 59 83 71 95 77 29 5 99 43 69 27 44 31 78 99 29 38 18 86 11 94 74 89 16 92 89 68 9 53 5 77 70 26 97 18 32 23 29 
88 49 66 84 16 87 39 53 7 70 32 49 47 16 96 11 17 31 67 11 42 84 76 10 9 16 21 61 89 12 48 40 55 72 21 42 37 94 25 47 31 8 29 91 77 30 70 63 76 38 45 82 35 23 23 4 44 48 32 80 27 46 61 39 11 61 64 42 64 77 55 66 91 63 89 10 40 14 65 87 99 53 34 77 52 94 82 73 12 35 31 74 87 35 73 26 92 56 17 72 21 43 23 3 13 20 14 92 18 62 14 23 99 60 94 22 8 39 97 72 74 60 40 72 20 35 49 4 
47 11 26 98 82 43 1 33 55 67 48 12 97 37 41 16 28 55 21 33 63 83 74 99 71 54 45 34 61 41 32 31 78 33 59 47 1 64 68 64 24 46 53 84 30 23 29 82 45 7 1 30 9 36 65 92 62 22 46 20 71 68 79 7 75 62 71 35 40 30 33 13 15 80 81 22 10 92 20 49 34 52 10 81 14 96 94 91 65 21 3 95 38 22 22 2 50 46 14 21 54 16 31 2 98 21 96 15 80 14 62 18 70 66 11 22 8 3 61 48 19 69 63 58 48 87 73 14 
61 70 49 84 65 61 94 43 42 84 14 55 40 33 77 62 24 15 41 91 88 96 62 94 4 62 97 59 67 54 68 86 92 53 78 85 19 6 30 24 2 79 2 21 48 97 11 48 42 49 84 14 65 38 7 90 26 38 70 49 2 41 76 58 47 14 7 14 90 19 10 30 44 81 33 81 62 37 89 2 44 27 74 62 57 34 7 61 71 79 31 35 74 49 53 82 4 75 48 95 70 64 42 3 13 80 71 39 94 6 73 75 80 11 91 53 48 11 0 19 6 71 89 75 52 20 55 12 
65 79 29 76 63 78 8 53 61 76 19 93 53 88 12 72 55 88 65 95 82 78 39 18 63 24 76 90 87 88 19 17 98 37 67 94 36 67 60 3 84 88 56 47 89 40 15 27 41 61 61 54 92 92 98 31 93 34 15 33 25 15 13 78 74 92 25 69 65 1 14 9 71 85 45 37 37 10 89 11 82 74 58 77 28 96 9 30 26 34 23 8 30 16 6 35 42 63 59 73 81 67 30 71 92 80 6 26 96 23 85 36 84 20 7 0 7 49 88 32 42 87 7 62 57 28 49 57 
66 96 47 38 96 61 15 65 76 37 20 43 69 28 54 36 25 58 2 79 42 8 93 49 88 99 93 27 5 14 83 7 33 24 8 47 14 20 65 19 83 3 27 70 41 22 13 34 74 75 39 5 85 44 36 12 8 3 46 70 16 57 50 92 59 69 40 25 31 29 82 41 39 73 88 93 66 22 13 51 76 40 98 79 8 85 41 74 92 4 16 64 79 25 19 65 1 25 86 65 90 42 8 73 0 15 95 17 67 29 66 42 77 18 97 79 2 67 38 21 87 84 38 16 69 12 92 62 
35 38 2 11 97 92 82 63 99 21 79 48 46 6 46 95 90 98 97 37 14 40 82 63 83 48 25 92 39 88 78 91 69 21 11 98 71 43 46 9 39 6 16 54 94 23 90 25 23 77 30 63 50 71 59 66 27 29 92 26 77 8 3 72 45 54 66 19 91 66 31 72 95 83 14 78 28 40 26 67 76 88 41 54 28 42 77 39 49 42 71 39 26 50 91 67 45 65 37 47 7 43 51 7 70 18 10 74 69 54 48 73 53 71 80 75 44 33 62 21 93 72 45 89 15 36 91 9 
21 86 48 67 80 25 20 26 91 73 39 67 41 79 54 99 52 6 75 15 55 81 84 66 28 9 59 23 55 36 97 55 92 25 38 46 82 4 0 50 45 64 24 23 92 36 73 42 85 96 83 36 30 67 23 15 65 13 20 53 58 46 47 11 99 32 43 42 66 7 42 16 62 10 16 47 58 26 5 85 57 9 11 28 25 57 15 54 69 6 12 83 44 50 50 11 91 24 15 52 6 52 67 29 72 46 99 49 20 28 66 14 36 84 63 39 60 21 43 24 50 29 60 56 55 68 66 43 
42 99 50 12 45 59 45 26 90 3 32 86 27 41 29 79 92 32 79 0 37 19 2 80 7 61 43 88 84 28 6 34 54 64 74 86 38 24 70 61 82 15 65 77 70 39 31 37 55 81 21 91 71 98 86 56 79 3 64 30 53 67 26 53 3 46 77 86 80 40 19 18 20 85 7 51 46 41 24 32 80 58 22 25 62 68 41 88 11 19 53 64 37 37 52 80 80 12 82 41 30 54 22 41 94 50 45 67 35 4 9 48 92 79 67 84 97 94 60 48 12 82 8 70 64 89 3 2 
63 0 72 52 29 78 64 31 9 80 12 11 8 75 13 65 14 94 96 96 8 9 97 73 55 85 82 99 4 89 54 97 29 85 41 25 6 96 13 6 23 16 2 51 29 42 5 71 71 43 63 11 18 28 66 60 70 54 68 90 52 76 95 60 28 75 66 76 77 80 50 58 0 91 30 42 82 78 11 30 46 27 88 89 83 21 64 44 87 39 25 63 59 81 18 77 35 68 87 91 4 51 3 63 4 89 48 65 13 86 33 64 60 10 97 21 75 52 78 51 37 94 36 35 82 45 10 45 
59 91 92 9 49 77 84 54 31 41 20 58 17 62 58 91 91 56 35 90 63 79 46 51 52 58 49 92 37 84 3 75 73 48 69 14 81 24 98 61 20 60 64 59 60 57 10 29 11 18 33 65 13 63 7 5 54 75 12 19 43 72 78 86 67 39 94 23 9 53 49 39 6 90 53 24 29 25 78 69 58 99 29 83 26 57 8 29 66 24 17 50 23 10 41 67 38 39 93 59 4 54 28 74 21 60 17 53 49 67 16 28 96 34 78 15 22 21 55 63 40 35 84 81 94 7 35 67 
4 44 98 44 7 31 41 29 66 38 64 84 23 38 39 60 91 0 58 72 45 95 87 55 93 4 67 81 56 87 71 30 42 36 31 20 77 60 75 78 28 46 79 72 13 98 53 75 24 67 61 52 3 46 77 12 43 48 62 76 84 75 75 22 5 32 82 15 78 98 74 16 23 35 91 36 8 70 86 90 24 92 58 24 19 0 37 15 88 40 3 27 49 95 36 29 34 72 20 96 68 6 93 45 50 60 69 30 27 78 92 76 38 50 54 4 30 54 27 55 36 60 68 12 8 11 80 57 
17 96 2 12 84 25 86 31 72 14 69 55 16 44 68 63 92 97 96 46 76 74 21 41 56 18 81 40 8 35 37 57 77 10 26 57 34 84 63 41 95 18 86 12 68 84 95 28 28 0 89 90 28 45 17 79 47 82 47 45 0 88 34 1 30 6 83 34 70 21 62 73 13 3 54 22 3 87 62 40 96 1 1 21 65 69 72 76 76 40 82 23 46 61 93 33 34 28 22 88 74 48 98 98 29 25 80 13 47 57 58 81 87 95 18 56 87 76 35 73 63 97 51 79 14 59 67 4 
26 16 89 35 4 59 95 67 41 99 98 29 99 95 98 41 71 96 1 81 90 74 95 76 96 72 17 71 64 50 13 20 88 72 32 68 26 64 96 80 10 7 77 82 8 45 9 71 92 67 65 50 4 58 86 31 75 9 94 85 51 28 68 92 32 6 2 41 28 55 46 62 42 78 6 11 72 3 72 80 80 58 92 9 73 67 32 40 19 46 78 40 81 85 3 78 82 31 31 37 31 51 60 24 97 27 49 36 55 52 34 98 56 98 34 56 52 81 89 80 72 26 44 81 88 84 68 9 
82 40 57 23 66 41 33 54 90 52 37 23 86 67 82 38 89 59 1 20 84 6 92 91 31 14 63 3 89 82 28 60 80 49 68 88 56 30 14 32 48 65 86 49 60 24 93 30 54 75 27 69 11 89 6 23 50 25 27 80 57 95 55 2 83 10 53 10 31 38 5 30 48 87 18 95 93 42 7 16 94 63 41 55 6 97 14 71 65 6 23 44 63 64 4 95 80 89 72 34 52 55 76 67 82 8 97 14 2 85 86 61 39 84 99 98 95 75 60 13 90 19 78 17 12 25 61 79 
71 24 60 9 64 41 91 79 69 18 89 60 64 80 49 7 7 27 1 90 91 18 8 67 19 82 48 66 26 26 75 18 84 34 81 39 35 99 2 11 79 73 45 57 2 67 37 35 88 86 47 49 78 7 38 76 18 62 68 17 98 63 6 42 93 80 42 68 28 58 41 57 20 23 91 11 19 93 50 79 9 93 18 13 50 82 22 24 5 93 0 63 93 49 15 61 8 6 9 89 23 22 83 16 72 97 78 71 65 77 30 43 90 86 23 75 84 78 64 27 16 62 50 95 34 8 22 37 
77 73 76 55 60 44 96 58 67 78 3 34 65 86 18 39 49 45 41 4 56 43 8 40 40 24 95 11 87 28 97 83 22 51 52 28 11 16 87 32 69 42 81 26 84 16 52 66 79 87 39 22 59 60 17 6 91 40 7 44 68 2 45 90 10 24 47 77 26 8 12 30 78 29 36 98 42 93 19 42 48 47 91 54 12 28 39 97 15 29 61 56 53 77 78 68 47 13 29 40 56 43 88 71 94 93 24 91 82 20 70 26 34 91 6 12 32 9 72 70 98 59 71 44 61 35 64 38 
13 27 75 61 53 95 85 24 43 69 60 76 96 96 43 39 57 94 24 70 4 40 99 98 84 34 34 76 54 37 8 11 91 7 86 44 58 46 44 51 77 71 52 55 65 97 79 68 60 69 67 40 15 32 61 50 8 25 62 78 33 4 68 63 60 51 28 90 20 81 17 84 23 91 57 28 85 12 85 21 90 18 67 64 31 62 69 46 9 50 54 76 19 65 82 9 14 65 56 45 20 95 4 30 35 26 13 99 21 52 55 82 66 60 72 2 60 18 11 82 54 47 89 82 76 45 46 83 
56 54 20 17 11 76 40 82 60 26 56 34 49 37 85 52 42 72 0 42 19 82 9 26 97 91 92 57 90 23 23 7 50 4 11 8 98 86 28 16 42 22 5 22 34 87 47 0 23 88 65 94 98 74 68 69 91 17 11 35 71 7 40 33 83 66 39 83 69 29 34 35 47 14 82 37 99 84 42 90 20 46 25 62 76 13 42 83 44 26 60 32 9 73 54 42 38 74 5 33 87 45 21 58 61 0 64 5 50 81 69 81 23 81 6 85 40 9 33 91 57 48 33 35 68 8 47 39 
55 66 31 68 73 95 68 88 44 7 86 75 16 41 39 94 68 20 97 94 12 58 31 79 54 39 28 25 22 72 27 25 31 70 57 51 84 71 79 12 7 0 10 64 12 84 66 97 35 38 4 30 93 81 37 40 10 67 4 33 23 0 75 30 25 11 48 42 57 88 75 8 38 48 68 5 86 45 58 9 37 42 35 34 34 29 15 57 12 44 21 68 52 26 80 18 26 17 79 76 32 68 11 51 45 77 49 32 94 89 63 33 69 2 28 76 57 62 1 40 87 37 36 55 26 73 19 27 
76 6 24 44 4 2 90 19 28 45 57 41 96 47 30 26 73 71 89 36 90 50 78 38 2 46 88 50 95 82 40 24 20 67 28 80 67 48 45 93 60 51 54 5 33 87 48 79 28 10 75 25 39 77 30 62 49 74 37 18 51 57 84 28 97 20 99 62 27 78 56 97 44 89 54 10 71 10 43 24 14 77 76 87 34 0 75 9 47 93 93 30 89 7 78 80 13 8 27 33 75 5 9 2 44 57 50 19 98 35 52 64 53 29 76 5 4 53 33 85 20 71 38 35 91 81 86 67 
10 26 32 3 42 60 9 9 28 81 35 71 46 92 86 29 79 63 91 58 32 32 14 34 50 40 2 96 46 52 18 51 43 28 8 34 40 38 36 33 7 61 97 35 67 71 49 5 77 80 63 51 66 96 93 10 37 49 51 74 54 12 42 66 81 32 76 3 87 85 15 7 28 27 40 75 71 18 61 25 4 44 76 30 85 98 66 62 42 4 9 14 75 99 33 84 24 38 60 63 33 55 36 7 21 17 23 87 73 9 95 12 90 11 35 23 17 35 90 63 63 50 3 46 28 74 32 34 
89 82 96 27 58 94 65 40 76 95 76 66 19 17 71 87 98 94 62 80 7 87 42 84 44 11 53 38 81 73 5 85 37 88 40 48 33 27 78 96 59 91 90 61 43 90 57 96 54 71 7 95 73 27 51 13 25 55 17 18 14 64 88 61 7 23 37 62 23 85 20 91 40 65 21 64 29 38 16 76 94 58 66 47 28 53 22 54 93 1 26 39 0 20 96 8 60 2 22 2 37 18 64 3 64 38 17 27 59 66 32 31 1 61 75 29 57 71 6 64 88 17 22 67 13 43 47 54 
35 14 33 40 66 39 52 25 88 25 60 61 90 87 63 32 91 49 13 41 4 33 80 11 69 17 97 33 93 63 81 18 25 28 59 48 11 9 11 5 64 35 29 96 45 22 19 38 92 52 69 95 50 43 19 17 5 11 59 18 54 92 36 81 46 32 7 19 32 17 17 43 75 10 76 71 8 79 53 43 23 84 69 88 88 3 85 8 79 69 28 20 35 33 68 47 23 23 13 81 70 65 51 71 38 0 30 52 90 39 39 61 72 61 66 76 28 62 63 41 24 50 53 64 8 42 11 39 
86 64 90 80 75 44 10 92 22 19 89 24 27 69 58 16 5 74 42 80 21 16 32 45 76 64 8 72 80 55 52 10 93 40 29 72 92 82 53 29 33 48 80 22 1 97 81 58 91 86 68 93 97 68 58 84 78 44 48 72 47 88 10 70 87 5 67 12 8 20 45 49 60 64 76 13 99 94 20 76 67 39 81 75 87 7 50 45 97 71 98 33 66 91 67 65 68 9 1 96 90 52 28 79 17 74 29 49 93 42 12 26 40 53 94 82 55 77 60 1 19 74 93 1 24 3 76 11 
59 12 59 33 29 62 64 44 40 52 85 5 9 88 71 40 66 43 0 81 92 64 29 55 62 74 78 24 73 88 35 56 89 27 8 48 65 39 14 95 20 12 60 70 71 82 60 77 38 98 19 22 58 58 59 67 8 52 77 7 4 77 86 79 9 45 38 31 55 28 61 71 49 96 73 34 69 0 60 35 38 49 16 61 53 84 20 55 44 88 50 62 33 42 6 80 54 45 73 75 22 82 23 16 89 61 35 71 75 2 7 48 27 39 60 7 78 68 71 97 25 60 55 61 13 8 61 14 
12 55 48 8 75 98 61 16 50 96 50 50 24 48 20 45 41 21 0 66 25 1 25 0 64 19 48 56 48 52 7 71 96 41 10 41 1 70 8 46 90 71 61 78 43 73 78 0 42 36 28 40 2 35 68 79 13 33 65 12 89 34 61 20 44 53 25 72 19 97 52 7 47 1 81 76 3 10 54 97 25 33 2 30 10 34 61 57 65 36 3 35 92 9 73 49 75 72 71 45 84 17 10 76 20 56 4 93 13 64 27 63 10 72 25 41 22 72 78 30 51 86 48 27 69 39 32 42 
94 41 41 26 44 83 94 41 60 34 9 4 46 66 6 19 29 21 69 69 67 36 99 94 53 65 81 69 88 45 30 81 75 62 95 39 33 52 67 24 70 42 0 83 32 86 17 25 92 90 31 55 37 16 1 60 92 32 30 21 26 13 51 66 56 53 57 37 89 84 79 99 91 71 52 95 75 83 3 17 62 81 77 79 0 39 41 79 33 46 11 92 62 78 88 1 25 32 86 74 46 69 89 31 1 31 77 21 1 79 61 15 1 23 79 63 97 53 99 79 68 83 74 19 65 24 30 89 
95 84 52 73 16 89 12 9 55 71 83 90 29 53 0 83 33 92 28 31 47 48 43 93 56 37 1 19 9 74 39 54 55 82 54 91 18 76 4 80 84 39 90 15 80 43 30 28 83 79 63 87 76 35 32 37 14 49 69 45 27 79 14 51 14 74 45 76 87 71 95 40 72 26 76 24 20 99 52 17 2 15 79 6 77 31 39 53 93 16 35 20 89 15 41 59 34 48 60 16 34 46 58 28 25 70 83 95 52 93 90 74 97 32 59 74 10 51 10 63 46 78 5 47 50 77 19 50 
77 67 35 37 21 81 90 95 83 9 74 10 78 63 60 97 12 20 54 16 62 44 14 87 72 26 2 20 36 64 54 61 77 61 40 49 51 96 57 98 54 60 46 53 35 90 23 84 63 16 41 69 1 84 28 53 73 99 16 26 70 13 32 80 3 77 13 8 4 70 14 78 96 6 15 90 95 22 65 56 21 3 78 24 87 81 29 34 89 91 36 31 26 50 40 81 73 79 39 73 34 52 90 30 40 55 18 4 60 41 36 62 49 31 47 20 11 57 72 41 7 44 55 99 51 45 16 94 
62 5 36 16 68 3 57 49 85 25 24 27 99 93 86 57 71 57 13 12 69 70 47 12 18 29 14 79 90 91 42 9 42 47 65 86 88 59 28 21 25 69 86 84 10 36 45 15 78 83 84 50 58 73 1 53 93 73 25 25 65 83 79 16 38 77 62 62 85 35 27 42 71 19 6 54 51 33 81 78 82 30 79 52 1 4 79 93 27 10 81 83 65 69 93 52 67 80 73 61 12 96 76 94 58 62 87 43 92 21 76 38 42 65 80 6 71 94 12 93 17 72 51 82 23 45 48 23 
79 65 67 56 53 60 29 88 93 39 75 81 64 30 53 80 97 57 34 89 49 76 51 25 13 83 30 89 72 22 76 5 93 91 31 44 8 39 28 51 4 12 4 39 79 60 73 48 23 96 17 7 33 1 28 67 95 97 17 6 26 77 89 62 74 24 50 52 33 23 44 20 99 76 72 61 29 63 1 69 59 61 62 86 48 56 2 13 15 26 37 71 8 44 95 73 80 63 76 20 31 23 2 35 57 81 78 72 25 50 65 94 52 23 73 13 41 50 56 2 16 92 61 10 82 84 95 52 
29 21 81 58 88 93 19 95 36 48 70 27 6 83 29 18 38 73 88 60 89 17 40 42 1 22 19 36 51 37 98 62 6 6 63 47 16 40 81 97 88 49 64 2 59 56 87 74 9 74 12 60 89 60 64 98 75 93 92 93 69 98 37 97 57 91 88 80 72 3 11 22 90 55 58 86 26 77 85 16 92 71 61 10 47 69 31 59 41 66 94 64 18 97 17 40 15 93 51 74 84 27 5 50 3 46 90 78 74 18 29 56 34 34 72 81 88 50 34 48 96 21 55 19 41 43 90 62 
31 63 59 82 15 4 85 67 22 19 82 57 59 74 45 18 97 37 55 17 83 76 65 13 27 7 51 22 21 72 44 20 88 83 17 28 97 80 97 68 80 8 1 13 13 37 64 41 85 95 69 93 98 48 63 26 54 27 17 92 87 7 40 71 12 91 18 70 61 29 83 7 71 85 35 84 99 23 34 37 49 85 80 99 96 84 48 71 64 22 15 12 84 70 78 90 87 82 4 72 57 9 6 23 87 12 50 69 91 47 18 75 18 8 59 57 93 65 6 16 54 85 17 68 45 32 42 55 
56 43 83 21 48 81 96 87 35 41 98 49 29 0 24 35 3 39 15 10 26 75 9 79 9 76 90 65 59 29 22 30 61 35 8 21 0 94 21 87 42 26 33 75 95 18 60 46 5 46 63 52 90 16 14 7 81 84 19 83 42 64 35 26 33 37 13 81 78 83 66 3 50 61 24 72 45 56 51 30 51 87 83 51 51 53 83 95 18 12 38 77 34 59 37 28 33 41 66 62 54 22 36 49 67 95 86 10 95 31 4 37 24 31 40 65 71 75 64 47 33 38 2 71 99 29 92 57 
96 12 35 17 86 12 76 45 69 47 71 30 67 35 86 42 37 74 29 17 31 43 65 52 36 59 5 3 6 70 94 70 61 48 39 86 14 43 4 29 49 63 58 97 99 42 21 63 57 65 12 18 25 54 87 54 6 89 96 31 39 26 57 14 23 39 30 16 51 92 16 1 10 93 44 54 38 93 54 22 51 49 1 52 64 64 56 66 18 62 2 45 29 58 24 64 16 73 46 26 61 75 26 51 84 92 57 25 51 41 27 8 10 19 19 7 93 44 6 31 21 8 38 95 96 92 70 22 
21 76 16 35 69 29 48 84 29 12 31 98 3 91 31 52 66 95 14 54 1 43 98 44 17 48 84 8 83 33 16 13 8 30 40 33 75 56 59 7 68 17 99 62 30 6 90 49 48 67 52 96 97 27 75 90 33 2 66 38 13 18 79 87 74 2 40 70 26 28 93 3 34 56 9 34 85 12 76 79 27 16 43 99 33 27 22 67 78 76 55 36 22 79 38 48 38 46 39 37 60 39 5 27 55 6 66 0 92 53 45 68 6 18 20 75 35 65 74 99 56 54 0 35 4 3 65 10 
85 41 40 28 83 56 6 70 98 85 2 32 59 19 20 77 3 3 83 79 64 39 8 45 94 67 44 28 97 32 93 90 33 55 4 24 28 31 81 3 48 31 95 10 91 17 99 31 82 8 16 30 64 70 3 87 69 6 91 18 28 99 98 17 21 56 74 16 59 90 23 74 49 5 40 46 7 56 95 68 68 69 62 86 31 9 36 70 2 95 94 34 29 85 64 47 42 53 13 3 4 47 25 82 55 22 41 90 9 23 28 52 95 69 31 97 0 9 27 85 59 26 14 2 85 44 18 65 
36 43 82 97 5 44 65 51 49 31 33 44 45 97 80 17 47 80 1 90 34 27 24 60 9 35 75 66 42 26 69 82 46 65 60 16 86 16 85 89 31 98 9 16 34 99 2 80 51 70 24 74 14 93 42 36 40 68 6 8 60 72 8 80 47 49 57 20 70 74 27 98 14 12 31 71 2 62 75 45 5 50 50 33 46 24 64 85 71 79 60 11 10 66 21 61 25 58 40 88 68 6 65 47 97 60 15 51 4 2 88 77 4 72 60 65 87 94 9 16 84 62 36 55 73 60 63 94 
66 90 91 89 16 15 36 39 2 4 76 40 77 16 83 47 67 49 5 36 91 95 5 14 77 85 44 94 10 46 77 46 96 17 59 28 12 8 78 79 39 27 20 39 99 14 99 44 51 18 82 17 58 68 82 39 79 0 78 6 34 61 51 74 84 32 24 78 43 84 0 49 62 25 50 5 50 2 92 58 25 27 56 46 16 97 69 83 71 44 4 6 25 54 42 76 21 22 51 7 34 62 29 72 75 62 8 72 84 28 58 36 51 54 24 16 99 62 52 25 41 82 57 39 71 27 77 88 
49 46 50 73 10 95 70 89 42 12 32 24 5 22 48 38 91 68 72 51 43 91 15 36 70 38 15 27 53 81 2 15 74 79 86 97 18 84 33 82 75 57 87 46 99 22 84 21 97 39 34 74 28 45 53 81 82 49 10 83 40 4 28 83 39 8 68 53 3 44 42 55 87 4 14 90 64 11 49 59 26 51 70 95 42 86 87 9 42 19 62 30 76 17 3 57 18 90 40 90 93 10 29 90 84 27 25 33 7 41 52 16 81 55 90 16 75 71 23 77 68 74 27 82 21 41 14 4 
20 49 17 69 37 92 91 27 13 76 19 4 21 8 3 5 84 51 32 52 11 8 38 30 31 4 32 68 18 99 11 24 23 35 34 36 73 14 72 84 81 79 94 39 23 62 26 30 79 15 81 97 10 23 7 37 6 54 16 81 82 96 99 68 87 3 66 81 13 74 97 0 41 8 76 25 74 77 51 23 85 29 40 84 69 70 83 26 0 93 86 68 93 19 34 62 79 62 17 46 91 77 53 54 93 96 78 24 98 63 25 85 13 85 70 52 6 8 51 1 3 78 6 9 19 25 59 87 
14 77 49 49 13 77 92 75 86 81 33 14 91 11 27 11 36 72 60 73 76 72 37 71 45 94 13 73 88 45 4 60 20 36 76 28 81 74 73 33 71 36 16 67 16 96 18 36 36 10 13 74 5 16 60 43 37 97 36 72 64 36 14 63 52 35 60 28 76 44 78 7 55 26 27 53 13 68 37 3 12 33 32 80 39 4 33 12 61 18 25 60 51 22 55 17 58 12 23 56 69 66 69 55 96 52 28 50 37 53 16 41 19 67 86 15 97 5 16 24 23 27 83 81 65 66 14 70 
18 37 70 77 47 70 10 23 45 37 22 17 54 7 6 61 44 80 1 7 18 69 28 20 43 16 33 32 46 29 90 60 91 23 83 74 22 82 78 17 38 35 7 23 15 81 12 20 23 57 93 77 85 5 95 86 40 57 1 16 48 30 7 12 10 51 21 98 8 85 3 63 57 32 93 31 55 72 32 85 56 56 68 18 61 6 55 78 12 53 0 21 46 17 60 47 17 58 85 71 98 68 24 72 71 10 96 68 32 36 84 98 36 15 35 28 29 3 56 62 23 30 92 60 29 60 21 15 
10 5 88 12 52 87 98 22 48 81 17 42 22 40 7 70 45 65 50 1 69 51 14 36 58 56 17 79 78 58 37 90 88 3 33 85 68 5 53 13 51 6 17 43 57 60 50 70 63 30 71 39 28 71 82 91 62 90 26 98 97 86 19 86 19 67 99 65 74 46 23 68 8 32 18 35 75 89 40 71 77 14 46 14 38 44 87 36 89 63 79 77 46 18 18 18 45 26 67 2 22 43 0 79 43 67 30 25 78 14 40 22 72 4 25 21 17 6 37 6 47 6 94 40 19 69 49 83 
96 68 72 41 74 29 83 35 13 49 69 71 29 11 65 93 85 6 36 40 3 88 90 99 28 87 18 31 56 21 58 49 41 72 55 33 62 0 26 73 15 87 39 66 30 92 26 83 41 54 2 22 21 9 92 78 22 64 67 70 36 45 39 97 6 69 55 75 87 57 85 3 80 47 90 59 73 97 86 9 66 43 96 30 96 78 19 35 73 91 5 17 74 62 21 55 94 13 63 60 77 38 88 60 28 63 56 74 85 36 11 0 57 37 55 41 89 77 15 37 48 43 30 11 90 9 30 46 
67 31 22 27 24 0 59 69 21 28 78 15 11 62 63 90 48 71 14 5 84 67 65 84 92 95 29 10 76 16 45 33 86 7 42 83 12 92 62 45 49 11 40 91 8 98 9 62 21 27 87 25 90 13 64 39 36 5 47 34 52 65 87 65 4 31 17 44 40 25 74 53 20 15 92 82 39 15 93 22 80 30 67 93 45 35 68 59 9 86 55 58 32 63 52 31 45 94 31 41 9 7 13 61 80 74 51 32 61 64 38 56 97 50 32 73 22 13 53 72 16 63 33 80 44 51 63 94 
20 92 69 66 2 34 62 85 29 16 17 9 9 67 79 52 1 72 81 41 32 64 86 56 96 24 75 72 80 69 94 22 16 43 73 52 96 50 65 6 50 49 8 43 79 60 11 4 91 78 31 29 40 69 41 61 66 91 70 59 76 17 33 17 48 79 77 68 80 10 78 14 53 99 22 61 76 22 36 28 12 63 63 16 13 73 2 30 56 4 39 75 50 34 4 1 79 16 13 26 17 47 76 23 94 7 62 25 28 19 26 3 0 77 42 60 7 24 75 47 14 23 66 31 44 37 29 34 
87 77 71 15 67 47 20 70 0 75 62 69 25 29 69 96 56 64 94 79 52 5 69 2 72 83 59 57 98 20 39 60 91 94 61 10 18 54 42 98 89 17 63 80 79 47 19 43 86 72 33 98 83 56 44 9 42 46 15 11 34 66 96 71 63 5 42 97 55 55 84 6 4 11 55 23 92 41 94 53 54 23 6 93 42 75 1 7 12 32 56 11 15 37 66 44 85 1 24 26 20 7 63 6 29 14 48 50 61 49 35 75 19 31 45 44 81 6 52 77 17 82 97 35 42 59 7 58 
36 51 51 92 63 80 71 65 45 51 44 91 97 56 29 32 12 80 46 26 50 31 79 85 91 44 49 43 41 58 52 49 69 38 37 38 19 40 75 81 5 60 20 97 16 34 6 38 7 88 92 6 70 60 93 82 51 94 90 26 95 20 34 64 43 44 11 88 74 48 54 85 52 87 18 0 38 31 54 4 35 40 65 75 33 90 65 8 88 81 25 8 26 4 65 44 33 91 82 44 76 4 40 54 22 18 35 15 6 61 68 7 81 27 90 82 39 51 92 22 38 38 20 2 45 45 22 98 
40 82 54 15 73 67 21 39 38 11 86 45 75 77 62 19 99 84 81 37 3 42 94 7 61 29 72 41 73 78 13 67 47 14 60 60 5 17 23 2 35 23 83 31 63 64 54 22 77 45 16 3 98 52 93 19 9 65 10 84 97 67 65 59 90 67 95 79 90 80 51 95 80 96 80 30 87 67 43 29 43 58 43 41 83 58 66 63 20 5 86 51 10 62 63 73 97 76 52 29 27 83 66 15 78 76 2 95 50 57 67 30 2 92 76 33 30 53 1 67 2 94 90 58 11 80 47 76 
28 6 71 93 88 99 89 79 4 90 51 59 7 2 25 33 74 86 35 76 33 88 13 51 4 70 5 60 92 80 87 7 36 76 47 81 44 90 64 56 82 16 13 34 52 78 24 73 21 8 3 32 91 34 18 41 51 97 17 13 53 42 47 19 97 69 76 76 65 88 26 88 62 35 28 73 21 78 85 75 63 74 58 38 2 20 42 2 0 6 38 72 76 64 68 20 6 55 89 57 53 4 79 9 65 9 74 83 89 53 93 35 84 67 99 73 27 49 79 89 21 98 3 61 41 56 73 4 
83 0 81 92 24 7 40 95 55 15 77 23 19 23 39 33 61 34 85 51 13 99 7 62 10 31 15 31 27 79 8 76 94 51 36 92 96 90 81 97 5 44 24 5 73 32 81 16 36 45 77 86 17 97 43 97 1 69 91 87 83 24 40 10 92 60 35 59 20 17 93 93 2 97 67 37 79 0 87 12 35 6 54 77 2 35 82 50 59 58 15 31 20 69 80 58 33 45 4 4 91 13 20 51 48 48 4 38 40 49 84 66 56 69 48 78 23 4 88 27 10 25 51 37 94 13 38 71 
33 4 22 8 38 89 28 42 46 76 57 76 50 46 4 2 36 35 85 52 55 2 62 14 7 60 37 66 65 22 34 30 99 24 56 37 54 83 79 5 35 51 66 43 71 99 17 61 62 26 24 80 46 72 11 10 62 60 55 96 68 10 65 26 89 11 72 32 57 11 81 65 31 82 75 51 72 17 94 28 12 10 48 79 17 47 13 54 13 10 79 77 3 99 20 39 22 92 71 21 5 37 50 4 25 39 50 84 53 20 72 93 83 90 89 20 67 8 19 96 74 36 88 6 50 16 59 37 
47 55 78 69 79 44 23 5 79 52 98 58 1 17 71 11 22 67 74 24 52 44 45 7 68 85 57 84 16 42 56 73 9 39 59 66 78 53 5 65 55 51 85 21 58 49 57 70 1 5 23 88 29 17 49 65 52 12 13 45 7 30 79 53 46 23 2 6 75 92 98 7 23 59 25 89 6 0 61 83 25 93 23 62 66 25 85 3 83 2 92 2 18 17 28 36 13 0 39 62 64 53 52 21 1 35 46 26 25 58 67 87 22 36 97 1 78 62 20 65 21 65 94 15 46 9 39 89 
74 60 50 11 10 85 35 35 84 39 80 36 7 23 54 85 14 20 83 8 31 30 83 80 62 47 18 86 57 96 54 27 72 18 53 13 22 67 79 81 29 5 50 20 3 6 85 64 0 45 75 94 28 90 1 56 98 95 40 45 40 50 34 94 28 33 58 34 50 62 44 94 8 72 63 45 9 95 66 55 73 70 26 8 27 51 66 45 54 58 58 62 98 39 75 61 91 37 17 60 92 61 40 34 12 90 54 59 83 83 85 90 10 11 66 60 14 45 62 59 90 73 96 56 87 50 84 18 
27 80 83 58 11 83 70 91 41 54 31 61 1 6 14 8 20 60 24 82 45 69 83 54 77 54 78 40 93 2 38 41 26 74 77 69 12 73 94 34 65 10 64 28 66 37 41 13 6 87 93 80 96 18 28 41 85 47 18 95 2 37 5 35 60 50 15 51 78 50 0 2 14 22 40 10 45 46 11 63 37 69 83 41 73 57 73 65 88 84 68 29 78 41 85 19 35 38 4 14 56 8 28 62 15 92 77 74 61 9 85 39 64 36 72 69 33 83 96 50 50 36 40 54 23 31 27 58 
89 43 63 38 11 75 21 12 49 22 24 92 46 11 82 40 33 42 22 60 0 63 83 27 42 93 53 56 76 40 93 23 23 47 3 34 99 42 90 60 36 9 14 47 56 92 84 5 58 77 29 72 67 45 94 75 41 27 19 56 61 76 57 78 74 71 5 78 70 70 93 76 59 38 57 84 1 90 32 40 8 39 92 3 66 6 37 85 21 68 32 21 58 45 36 72 57 91 39 36 75 97 2 52 48 91 7 63 37 24 80 35 1 33 96 91 65 85 88 6 64 92 89 94 46 62 46 12 
91 54 80 52 22 12 30 80 79 35 77 17 39 79 28 83 40 9 81 74 7 82 28 35 32 17 50 50 81 96 96 68 70 84 14 49 60 71 11 73 89 70 63 65 93 46 63 31 82 92 26 6 34 60 63 87 95 88 59 36 91 84 80 27 29 12 11 37 8 6 60 75 72 47 50 20 86 64 36 30 73 47 72 63 25 32 74 12 9 90 36 48 69 76 8 14 11 94 16 17 60 85 71 93 92 81 91 88 12 94 16 17 25 98 10 61 22 4 93 76 9 49 2 83 30 82 17 84 
59 42 8 34 48 61 78 72 80 65 78 71 69 11 4 1 57 87 31 20 92 7 55 20 53 46 51 61 98 43 70 64 76 70 32 48 86 12 23 16 75 33 64 67 93 19 91 65 7 38 35 46 85 57 88 48 26 52 2 64 84 58 53 60 83 11 39 65 21 64 41 56 80 91 42 54 32 72 9 87 22 21 30 76 37 43 53 86 22 10 59 77 58 87 57 85 72 4 0 95 48 49 66 3 92 48 84 70 51 11 2 98 66 89 70 35 5 94 62 99 54 37 16 88 70 43 21 57 
51 7 34 82 9 78 71 17 34 66 4 69 70 53 15 16 75 6 27 0 19 17 75 76 73 94 27 92 36 18 45 49 75 9 3 24 68 48 3 37 83 24 48 99 50 71 78 43 44 9 74 95 50 87 48 39 30 73 68 42 23 73 17 85 85 14 13 87 36 4 11 58 34 35 8 56 87 90 32 74 39 5 23 58 90 52 49 61 72 44 8 6 38 52 48 57 97 23 0 72 22 76 14 67 9 51 39 14 88 60 14 81 45 74 71 53 40 19 37 39 17 64 72 42 50 72 74 15 
47 85 48 19 54 3 44 36 72 8 56 48 2 74 83 17 39 36 13 70 94 87 25 78 79 32 54 18 95 88 49 99 28 9 66 84 90 51 75 75 73 68 27 81 7 42 79 46 29 69 71 60 31 22 54 5 39 45 58 54 65 32 38 56 73 41 90 82 27 89 95 81 91 31 21 11 61 25 97 33 44 50 48 60 53 8 1 97 0 96 63 48 96 92 97 53 97 92 80 48 64 51 25 71 97 92 63 47 14 70 18 5 53 21 86 43 93 19 64 21 68 89 53 43 28 63 40 22 
36 85 83 82 57 2 88 94 68 5 25 68 4 19 60 80 69 18 34 22 92 66 18 26 43 43 94 43 86 47 88 4 98 21 33 67 78 76 75 69 40 97 32 23 28 41 15 17 30 89 16 38 20 90 54 6 86 63 99 47 12 64 9 15 27 29 37 77 43 3 56 48 21 74 44 83 28 85 54 1 24 14 87 37 11 28 66 68 47 15 51 95 47 10 4 13 80 36 26 32 43 10 65 75 16 48 55 69 89 47 31 54 56 93 93 46 36 56 36 93 21 3 5 40 39 10 73 24 
81 67 54 17 63 55 63 82 6 91 35 85 2 94 29 15 96 71 43 6 83 4 98 28 49 14 59 88 73 95 84 94 8 56 5 96 6 76 37 77 53 70 64 73 86 37 85 40 26 78 25 28 23 63 65 50 60 6 96 17 42 56 6 69 44 69 62 28 25 28 51 63 50 22 50 2 59 27 47 88 57 50 1 65 98 25 88 73 4 23 59 4 96 79 99 94 96 27 11 71 30 25 64 12 78 0 94 45 0 50 93 74 97 81 77 51 12 46 63 62 95 86 1 79 12 90 28 44 
31 4 58 44 3 38 6 86 47 21 34 0 67 46 16 96 3 3 5 48 59 58 67 23 33 39 44 30 2 50 24 66 67 46 7 96 44 4 26 14 50 81 41 18 49 98 90 30 83 12 79 95 82 7 29 10 6 37 16 22 58 84 42 14 96 56 20 12 51 23 91 67 74 47 16 20 79 37 55 39 78 79 29 49 46 35 45 40 63 55 99 54 4 27 85 78 30 11 98 51 8 70 48 14 86 2 86 13 72 67 92 42 28 8 31 78 84 29 45 52 51 42 25 47 90 42 4 32 
95 20 46 79 75 96 7 78 65 92 95 35 57 91 87 11 23 50 66 26 45 40 16 68 73 0 52 74 73 91 91 47 17 49 56 81 45 69 89 56 40 38 71 71 44 69 30 99 90 39 59 81 4 2 14 25 32 52 41 11 82 36 81 84 91 8 14 88 89 82 87 99 90 14 68 81 53 4 53 95 86 31 5 18 13 93 19 46 52 24 84 33 57 75 4 11 0 68 93 39 68 66 68 76 2 52 16 80 73 26 31 3 46 25 5 3 44 36 20 75 14 30 22 2 16 4 24 64 
44 53 8 58 81 7 26 76 96 70 35 66 67 21 41 88 46 58 86 94 30 75 60 90 81 46 18 13 60 8 51 43 99 70 56 80 63 74 34 50 88 68 23 95 69 94 90 62 25 60 51 46 67 29 65 26 66 64 92 61 11 76 97 70 41 72 86 27 45 25 62 5 39 64 44 16 52 55 28 67 47 13 94 36 88 86 33 87 91 8 58 57 20 59 97 90 66 41 86 59 74 48 89 21 2 60 75 66 14 36 32 89 19 88 29 88 47 93 64 19 40 16 2 59 53 31 95 22 
49 8 81 58 17 98 59 70 21 46 82 80 35 42 51 28 10 1 69 31 32 77 88 39 42 74 1 65 61 54 4 31 57 52 80 33 2 81 26 77 2 91 63 4 85 47 53 49 55 15 68 6 41 64 28 38 17 83 29 26 64 23 6 80 94 18 34 8 30 87 2 27 37 79 75 15 30 41 18 97 7 3 94 50 8 76 65 33 41 92 56 8 70 37 64 79 83 84 96 50 55 73 46 25 87 75 15 6 60 98 62 39 24 14 41 87 70 31 29 21 97 85 65 76 25 12 26 39 
45 32 3 9 99 29 67 2 52 9 56 66 22 60 98 46 90 31 57 34 15 5 54 31 13 10 29 96 10 88 80 21 22 24 20 42 84 72 52 32 81 66 21 90 73 51 46 29 38 17 64 17 68 74 90 29 54 53 15 46 60 30 80 62 8 98 18 27 25 69 84 52 93 44 65 70 43 58 72 32 61 62 81 33 0 21 88 88 23 73 68 57 76 72 21 38 9 73 10 2 46 42 81 73 87 85 95 40 29 28 94 92 37 4 14 38 99 55 6 62 99 8 86 57 56 15 68 50 
