25 94 77 9 88 60 9 72 34 70 49 37 30 39 98 93 90 53 57 41 2 78 49 11 47 62 64 67 96 21 92 6 32 31 81 28 20 81 79 10 74 23 89 33 65 25 44 5 36 45 85 21 0 50 24 20 79 39 95 58 58 54 48 53 
78 63 47 62 88 8 81 43 56 18 27 61 0 94 92 43 11 36 10 4 38 84 76 89 15 6 94 23 69 38 23 81 10 54 0 87 21 15 43 48 27 44 14 0 6 95 97 28 78 47 13 83 87 33 94 9 15 33 36 21 12 99 89 64 
93 93 29 3 4 7 72 7 78 9 25 73 71 61 35 23 30 41 4 71 57 11 77 17 92 14 4 25 47 35 55 87 16 45 62 43 39 71 45 32 5 27 48 58 95 93 70 37 64 10 44 3 68 4 62 33 73 88 44 65 70 36 16 98 
65 27 83 75 94 89 70 52 31 26 51 74 28 24 8 26 39 43 86 71 99 30 31 73 87 17 64 51 81 69 84 36 58 97 22 42 92 22 14 87 16 58 42 52 82 41 37 18 3 11 75 55 65 87 6 13 27 37 6 96 37 49 21 52 
35 83 14 6 49 51 75 82 75 44 15 19 15 78 34 22 72 72 86 25 13 96 18 83 43 6 15 38 9 27 97 70 13 63 81 20 51 8 39 35 67 20 66 39 90 68 35 19 79 29 36 86 28 54 63 94 13 95 94 99 93 30 39 98 
96 45 20 23 25 67 4 93 17 26 4 10 12 44 2 55 48 76 27 9 6 65 1 74 70 89 31 88 18 2 97 60 17 17 15 91 82 91 13 99 87 67 93 91 99 0 0 49 67 96 33 20 14 48 20 39 15 23 59 71 31 52 22 29 
51 35 56 84 35 31 56 94 23 10 44 95 2 0 19 92 65 53 86 52 41 71 80 26 68 83 18 48 11 96 85 6 74 33 57 38 93 43 49 58 10 43 3 35 60 94 19 82 9 11 40 18 76 82 97 49 32 94 91 34 9 31 28 91 
79 61 13 72 4 65 21 3 66 26 14 76 2 29 24 92 40 91 54 2 76 32 24 40 50 63 11 14 27 75 92 70 44 25 8 32 91 53 28 18 65 51 77 25 95 27 81 45 84 74 0 6 45 76 35 50 96 39 37 11 19 31 33 54 
37 12 22 47 6 37 32 80 75 29 11 14 94 25 82 75 70 68 82 18 24 22 42 92 3 88 13 90 65 37 30 44 42 77 56 61 87 24 89 11 31 69 46 25 71 78 10 73 84 63 58 55 59 37 24 67 61 89 10 29 79 22 8 84 
95 0 50 98 77 26 93 90 27 13 48 74 7 78 75 99 26 38 32 86 7 7 94 55 62 67 22 58 27 3 39 94 99 56 20 94 3 0 34 33 61 45 5 41 25 45 8 90 48 82 99 50 12 73 63 85 66 85 91 48 67 93 25 78 
15 10 93 47 51 31 32 61 28 71 60 45 68 74 32 52 61 91 66 13 44 37 93 9 12 14 11 7 35 54 42 58 79 7 61 52 39 28 7 7 8 66 22 88 2 40 71 41 98 54 30 89 32 62 89 64 69 20 74 52 46 26 96 72 
66 16 64 70 98 25 18 20 58 57 72 80 35 3 22 91 1 36 8 83 63 39 34 13 76 62 84 71 35 37 33 56 75 55 29 56 18 45 95 96 68 18 25 14 64 34 66 27 42 83 5 50 19 53 73 79 67 22 15 7 34 39 70 87 
93 57 87 25 9 75 13 58 16 46 34 2 62 74 51 32 88 61 11 44 22 88 72 12 65 57 68 55 73 8 27 38 50 58 71 51 36 4 46 66 84 12 34 20 11 16 5 3 2 83 21 64 16 2 65 82 30 37 41 0 23 56 31 56 
71 95 50 88 31 25 92 48 47 62 23 11 78 12 44 9 79 55 16 17 36 93 29 34 38 86 43 6 80 17 99 19 37 59 83 82 87 37 83 41 59 29 6 58 65 76 48 58 45 79 66 51 97 47 86 90 18 15 68 33 40 71 64 30 
46 44 20 17 75 69 15 99 40 43 19 96 62 16 63 9 88 87 15 27 27 3 85 9 42 5 90 51 32 79 4 42 58 91 46 9 60 19 19 36 67 16 56 16 25 45 75 84 79 78 6 53 92 2 87 41 97 89 80 10 49 45 60 3 
62 10 77 42 60 60 80 52 91 42 45 27 16 71 66 66 98 55 93 72 77 75 54 86 60 67 87 92 20 40 31 94 4 96 25 41 98 31 56 20 57 56 94 31 87 79 6 92 61 22 76 93 38 18 3 79 89 36 87 8 28 60 60 15 
7 92 78 75 32 64 75 2 55 88 37 2 43 52 34 98 16 45 22 41 0 88 91 53 18 64 38 19 62 19 78 9 56 79 7 15 8 21 70 98 37 1 66 13 33 15 93 21 70 4 70 27 19 14 68 22 42 42 21 92 58 84 84 19 
79 84 81 21 99 8 32 18 21 90 62 90 74 79 83 27 16 89 77 88 12 0 78 33 43 72 85 2 61 74 92 48 56 35 27 16 3 20 98 3 70 40 0 89 40 26 20 89 0 99 53 39 75 18 1 44 78 32 77 97 35 24 26 70 
99 74 68 31 90 31 85 66 84 13 76 93 90 63 39 33 59 41 15 70 44 56 30 37 28 56 76 80 23 44 68 85 92 35 76 88 2 92 55 54 18 2 5 36 85 4 64 2 17 60 71 84 46 90 88 24 16 0 6 14 41 81 78 91 
99 81 73 59 59 13 51 42 42 98 83 36 3 35 88 97 20 52 43 16 94 71 52 93 45 11 54 46 1 26 4 48 38 29 35 44 56 97 36 44 57 68 63 11 70 43 20 32 90 16 87 1 97 77 15 86 88 51 26 30 25 75 88 75 
51 40 10 83 25 88 89 66 83 39 64 69 6 43 40 17 89 63 73 27 63 35 3 60 29 92 75 7 65 24 40 39 25 26 33 12 68 10 94 77 48 47 93 66 13 48 78 51 3 18 33 18 6 84 92 44 21 49 77 8 69 24 34 51 
70 20 77 56 81 88 83 97 29 44 62 57 66 37 99 37 85 20 65 58 97 55 21 1 88 90 69 13 79 25 20 47 69 73 94 88 2 14 55 52 90 13 29 56 75 84 39 77 28 50 37 17 80 60 48 84 13 12 28 17 63 97 8 74 
43 11 69 1 75 30 11 64 88 25 78 60 60 36 72 31 39 51 33 72 36 25 83 13 43 2 5 21 71 91 42 20 47 30 90 65 1 73 24 71 68 35 54 51 11 76 65 48 59 72 78 27 24 71 21 6 71 0 96 58 94 20 46 40 
88 17 40 69 20 4 72 28 69 37 57 92 48 84 17 15 75 59 4 59 90 82 21 74 92 79 25 76 81 37 90 3 60 9 95 47 19 90 87 88 87 98 11 71 71 29 58 22 47 77 62 0 43 49 59 31 43 61 86 20 98 97 21 17 
98 55 59 4 4 58 34 94 94 1 62 11 92 28 77 54 73 82 83 14 87 79 17 62 86 67 66 6 75 74 47 41 69 26 4 6 11 51 74 9 48 79 69 37 51 30 29 50 73 87 26 91 9 92 35 65 61 40 28 93 46 9 69 32 
98 20 30 11 55 31 89 94 34 35 74 54 8 67 71 41 8 39 91 68 61 18 36 90 24 8 48 22 8 92 29 79 87 95 16 64 49 68 70 91 1 23 24 16 12 23 19 47 98 85 37 45 26 55 79 61 35 43 33 10 81 90 98 64 
83 16 32 2 31 37 57 95 96 48 51 2 92 70 20 54 98 5 5 10 6 16 52 77 66 50 54 83 68 39 11 41 75 45 50 74 52 87 99 86 61 66 77 84 64 4 92 61 98 15 19 63 93 64 82 12 85 79 47 73 50 67 68 99 
4 73 13 63 20 34 45 44 23 98 27 74 40 18 50 9 12 6 13 82 52 94 2 81 65 74 62 67 66 8 54 16 78 55 67 37 27 24 42 64 55 32 4 25 5 70 97 32 52 91 16 70 85 11 32 1 86 7 26 50 49 50 96 56 
90 59 55 37 40 16 85 4 69 48 11 81 97 31 57 24 84 48 11 6 11 35 98 96 11 16 17 15 78 41 84 28 9 75 63 78 82 51 94 64 10 20 56 3 85 34 96 89 15 14 30 48 39 44 98 65 32 82 22 2 84 62 51 24 
65 86 20 30 32 21 35 49 9 7 22 0 6 28 56 82 64 96 26 60 13 72 99 83 74 2 30 68 62 11 41 34 53 33 5 63 3 38 35 40 30 37 4 24 73 18 72 90 49 74 25 52 8 41 2 9 75 95 28 90 96 46 18 88 
1 90 62 8 15 50 47 57 13 3 22 2 20 23 38 81 53 45 16 3 90 54 18 57 12 1 64 79 97 41 27 65 87 93 28 41 19 48 26 78 3 32 65 31 15 44 84 47 54 87 29 4 27 36 28 38 18 93 95 25 81 50 5 87 
99 65 73 46 75 97 45 26 12 9 28 96 81 9 65 17 76 97 2 70 53 52 14 40 26 35 50 68 79 83 38 63 64 18 90 21 74 68 93 23 44 47 51 13 42 2 86 1 41 20 20 22 69 16 64 55 31 77 31 56 7 84 89 62 
80 98 26 96 48 65 88 25 10 46 20 86 48 50 45 71 24 38 85 40 67 29 15 17 28 70 44 94 16 38 2 15 18 95 95 50 79 73 50 8 3 25 54 80 29 37 67 66 7 68 35 52 18 67 88 22 70 92 19 76 26 57 80 16 
38 1 62 90 53 19 17 40 41 37 69 91 38 13 98 93 99 85 74 45 77 12 25 7 59 23 36 15 41 80 81 76 48 50 29 41 21 51 24 69 41 39 87 6 79 41 37 79 54 92 98 74 65 38 17 16 4 61 50 14 36 72 25 65 
88 55 82 85 62 90 78 74 0 63 79 31 34 82 23 74 11 99 79 44 18 9 12 37 40 73 30 42 3 77 84 10 72 35 57 35 6 34 2 0 31 41 82 32 34 7 85 45 19 41 70 85 86 45 84 68 76 54 99 81 66 44 86 47 
94 80 79 17 13 6 7 32 72 82 95 26 17 93 42 60 22 75 87 37 1 30 0 15 26 94 83 4 7 13 22 65 94 66 62 68 46 58 13 59 75 1 24 70 99 46 57 12 42 42 35 34 95 28 58 44 33 84 85 45 84 13 54 65 
51 81 7 84 57 38 86 2 57 32 12 97 2 87 70 74 50 94 78 43 36 80 58 87 3 93 17 53 76 52 14 6 92 32 32 80 0 84 35 77 73 37 78 78 71 52 55 38 45 36 15 24 36 82 51 53 29 5 28 33 79 84 91 34 
73 23 90 51 12 48 84 56 30 31 10 19 10 97 5 56 79 90 74 85 96 74 66 56 86 82 90 20 26 28 67 28 72 58 46 58 97 39 86 98 85 25 50 99 57 22 26 45 66 25 17 38 23 25 92 64 2 77 28 25 22 8 33 28 
15 64 41 78 14 74 5 9 24 27 78 57 67 78 53 93 98 92 36 27 82 94 95 54 33 8 56 9 34 19 42 8 41 84 73 62 62 35 47 60 40 63 61 19 0 65 58 31 41 12 93 45 39 43 38 4 67 83 54 59 47 20 11 66 
16 82 34 64 86 18 29 66 95 70 71 1 60 37 74 85 16 80 78 87 56 51 26 68 34 83 93 14 94 22 68 30 63 52 67 98 91 1 85 89 7 86 56 98 86 22 14 2 2 27 99 68 58 57 57 46 43 25 87 65 19 84 74 80 
49 8 96 97 22 70 72 54 90 78 75 70 9 80 53 73 58 5 88 44 36 89 80 42 29 72 17 17 80 99 93 91 26 39 22 82 63 92 26 23 59 58 98 2 54 40 92 43 14 3 48 45 57 59 32 92 14 52 28 87 94 70 64 96 
0 69 20 51 60 65 85 70 61 97 69 55 11 66 31 10 44 15 50 50 59 65 34 52 13 48 83 5 25 58 54 87 78 42 22 47 53 76 29 16 67 7 37 41 81 78 67 4 33 89 40 28 56 93 55 35 27 65 92 43 82 8 53 24 
82 62 80 51 74 77 19 30 26 15 75 30 52 43 52 91 87 59 54 10 53 92 21 92 68 10 15 52 41 15 62 7 83 49 74 90 6 66 93 26 68 2 64 56 63 26 38 29 0 64 79 34 66 67 11 9 67 14 32 16 34 8 74 25 
5 91 67 90 7 26 52 47 12 40 7 10 79 43 16 77 45 40 88 5 31 14 62 59 7 58 96 91 46 13 82 41 63 51 3 6 28 41 51 34 99 80 79 46 81 95 30 20 95 69 36 62 10 70 68 76 63 41 71 26 90 34 38 60 
45 79 27 79 36 19 16 21 22 2 44 15 69 10 54 73 40 75 54 61 0 41 30 39 37 71 84 74 86 0 31 45 23 20 16 88 39 4 10 18 76 90 98 78 72 61 38 35 44 97 24 12 78 3 42 95 16 14 38 63 12 50 84 77 
58 41 66 49 35 53 84 66 76 14 97 94 98 11 36 31 4 53 29 13 0 55 38 5 43 84 44 73 60 15 92 6 42 77 4 35 89 35 64 23 44 34 82 54 39 78 18 85 76 58 90 60 64 5 51 1 52 61 44 19 5 23 99 57 
65 42 0 95 21 75 49 38 44 35 40 81 13 58 60 43 70 43 38 57 72 21 60 3 51 97 81 92 69 8 44 88 82 86 72 93 71 5 33 62 3 63 68 95 92 27 39 90 11 22 88 33 93 26 30 44 60 72 81 29 47 64 4 41 
3 8 48 78 4 31 93 25 25 12 24 36 89 95 84 43 23 96 11 34 7 49 46 98 45 27 63 36 33 67 83 67 72 32 58 7 11 0 5 95 43 46 41 85 44 1 0 31 48 68 73 50 75 74 89 28 36 62 60 24 11 78 26 16 
43 8 82 45 25 42 79 82 18 57 79 55 69 50 1 28 22 10 48 63 85 14 69 48 55 44 13 34 25 86 81 27 23 26 50 95 11 62 39 93 58 9 96 56 4 65 96 13 38 72 41 99 58 94 3 87 32 60 3 78 36 55 87 20 
57 18 54 11 87 24 84 21 39 65 85 55 62 14 18 4 3 6 25 52 0 50 76 49 76 3 73 61 17 24 83 57 91 73 67 35 58 42 52 13 30 87 36 52 30 83 11 48 94 14 13 34 79 24 52 36 80 37 49 70 92 85 62 64 
3 44 28 50 21 60 47 63 96 93 55 21 2 80 66 88 88 33 77 80 91 19 76 98 51 72 66 29 9 19 70 52 9 73 52 24 91 7 3 0 91 98 91 12 65 77 35 93 91 31 67 5 69 83 35 37 52 49 34 10 15 90 2 72 
43 74 33 86 2 72 16 65 47 38 64 21 28 34 44 88 75 86 35 39 89 14 49 48 62 64 97 71 49 80 58 18 56 42 63 47 14 1 84 46 29 86 27 69 86 71 72 67 96 48 71 62 49 63 66 63 98 81 52 61 33 52 95 62 
11 54 27 10 55 75 49 72 97 78 49 6 43 76 95 18 0 34 66 50 48 94 22 83 64 34 1 42 49 57 6 14 1 21 24 95 73 42 14 85 85 69 12 91 23 32 10 13 29 28 59 78 9 68 53 10 21 12 56 41 12 43 37 76 
80 89 20 23 32 92 79 92 13 46 89 13 18 21 15 14 40 88 80 26 95 33 57 57 66 81 77 23 21 19 20 53 90 19 73 63 92 40 4 87 4 81 65 85 59 44 65 13 70 85 16 31 70 42 29 47 43 91 78 48 44 27 18 24 
12 64 62 20 53 83 71 93 26 57 8 26 45 41 83 39 78 62 94 23 23 81 99 6 83 22 60 8 20 77 39 84 9 24 18 63 8 39 61 59 14 30 15 38 20 55 79 26 79 16 43 61 67 53 4 9 58 91 94 47 70 78 84 47 
95 96 11 64 49 97 12 71 53 86 55 28 72 40 4 93 18 41 56 67 95 48 2 49 5 50 55 58 77 98 34 85 98 61 75 31 4 51 20 94 81 14 66 26 71 28 6 8 35 39 60 9 39 41 93 34 79 52 89 49 76 28 5 9 
51 23 25 59 47 51 84 89 42 5 45 0 16 93 84 92 39 95 81 17 23 92 13 30 93 34 79 99 64 78 9 30 28 17 78 85 21 23 33 32 3 78 8 96 84 4 47 91 24 38 61 22 32 84 77 13 38 49 42 90 44 48 52 29 
15 62 30 6 90 35 53 58 98 26 18 5 32 81 95 61 64 30 43 19 9 8 30 55 36 35 74 73 88 84 94 56 78 0 87 23 96 74 72 81 26 14 18 84 76 4 84 97 58 43 85 81 9 78 95 62 95 12 14 23 72 81 85 75 
37 89 46 40 32 61 85 36 54 26 19 55 91 1 5 30 92 45 95 11 33 45 33 1 20 98 97 28 9 93 75 90 57 97 59 49 37 88 99 13 14 61 18 76 83 63 21 61 42 26 54 16 75 19 34 17 3 51 34 35 28 6 22 92 
7 49 64 73 37 3 73 38 31 16 1 34 10 14 36 64 85 81 91 2 58 9 22 7 35 23 90 68 37 42 8 42 99 86 92 1 6 42 93 14 44 29 12 4 57 61 89 55 23 29 79 28 50 55 84 3 87 45 23 60 83 53 67 88 
46 83 4 95 24 56 45 59 61 49 58 49 65 8 0 72 88 56 45 3 8 5 44 42 1 31 62 85 34 44 20 47 38 34 48 91 20 50 73 54 27 94 83 3 93 19 61 25 1 33 3 7 59 62 10 63 55 4 87 28 43 72 17 61 
32 96 29 74 3 41 89 75 17 29 38 73 46 91 93 56 1 9 43 73 27 25 97 64 80 35 55 85 37 74 11 72 46 32 73 4 23 57 49 63 45 6 18 73 67 77 10 80 44 36 93 50 39 69 61 2 11 66 76 91 7 89 84 26 
51 25 95 1 1 23 98 96 72 82 29 37 37 34 39 61 65 67 78 21 48 3 51 34 50 27 56 60 10 92 73 31 16 46 33 78 85 84 67 73 50 12 51 64 28 9 51 20 80 16 62 79 20 6 87 41 75 41 19 50 2 46 80 15 
25 66 92 89 70 97 53 16 13 9 17 50 48 47 32 45 98 98 0 37 61 44 31 45 87 50 91 86 32 41 68 27 8 50 19 32 47 51 84 39 72 22 26 95 7 22 13 9 44 46 56 70 84 62 27 15 17 93 96 62 25 9 90 34 
